	1	2	3	4	5	6	7	8	9	10
05_PA14000-4-2_5-10-07_S2.CEL	5.2351065	0.0	1.4553881	3.407094	0.0	0.0	0.0	0.0	0.0	0.80022854
54375-4-05.CEL	0.9383123	0.0	0.1906349	0.0	0.0	0.0	0.0	0.0	0.0	6.4261203
AKGlu_plus_nt_7-8-09_s1.CEL	3.1727242	0.0	3.3023155	4.711278	0.8994634	0.0	0.3832267	0.0	0.0	0.39751774
anaerobic_NO3_1.CEL	0.0	4.7799277	4.994567	0.33592218	1.1393424	0.0	0.0	0.0	0.0	0.0
anaerobic_NO3_2.CEL	0.0	4.92117	5.233602	0.6311065	1.1158696	0.0	0.0	0.0	0.0	0.0
control1aerobic_Pae_G1a.CEL	0.0	1.2197574	0.29992372	0.3993592	5.6637487	3.5337367	0.0	0.0	0.0	0.32655275
control1_anaerobic_Pae_G1a.CEL	0.0	0.0	0.0	0.9947016	5.58411	4.159214	0.0	0.0	0.0	0.0
control2aerobic_Pae_G1a.CEL	0.0	2.2661943	0.17694622	0.0	5.843244	3.4403522	0.0	0.0	0.0	0.033505663
control2_anaerobic_Pae_G1a.CEL	0.013555393	0.0	0.0016243756	1.1069665	5.620814	4.18243	0.0	0.0	0.0	0.0
control3aerobic_Pae_G1a.CEL	0.0	1.5317367	0.34364772	0.28778633	6.032419	3.733137	0.0	0.0	0.0	0.46471488
control3_anaerobic_Pae_G1a.CEL	0.09344752	0.0	0.0	0.6943438	5.6847463	4.1291876	0.0	0.0	0.0	0.0
DB1.CEL	0.0	0.0	0.0	0.0	0.46264035	0.0	0.0	1.976748	0.87216854	0.0
DB3.CEL	0.0	0.51375055	0.0	0.0	0.43530378	0.0	0.14855918	1.9094195	0.22673124	0.0
DC1.CEL	1.0461948	0.0	0.0	0.0	2.1661413	0.0	1.630156	0.0	1.3163493	0.5280335
DC2.CEL	0.75001836	0.0	0.0	0.0	2.0116715	0.004016906	1.5911572	0.0	1.267588	0.18839806
DC3.CEL	1.1723236	0.65112174	0.0	0.0	0.6565738	0.17533708	0.31457758	1.0784646	0.15756893	0.0
dPA54375-18-05.CEL	1.5486	0.0	0.0	0.0	0.0	0.0	0.0	0.0	0.0	5.286628
fos1aerobic_Pae_G1a.CEL	0.0	1.3761078	0.1352416	0.26891235	5.4876947	3.6213145	0.0	0.0	0.0	0.31173056
fos1_anaerobic_Pae_G1a.CEL	0.0	0.0	0.0	0.495497	5.5520864	4.0423946	0.0	0.0	0.0	0.0
fos2aerobic_Pae_G1a.CEL	0.0	1.6659294	0.0	0.0	5.4519534	3.5326307	0.0	0.0	0.0	0.0
fos2_anaerobic_Pae_G1a.CEL	0.0	0.0	0.0012835264	0.75766575	5.918551	3.930464	0.0	0.0	0.0	0.0
Fos3_aerobic_wdh_Pae_G1a.CEL	0.1162583	1.1958557	0.0	0.006043613	4.510418	3.4716115	0.0	2.355647	0.0	0.0
fos3_anaerobic_Pae_G1a.CEL	0.0	0.0	0.0	0.59602106	5.3298426	4.033378	0.0	0.0	0.0	0.0
FT1aerobic_Pae_G1a.CEL	0.0	1.4814485	0.0	0.08300641	5.328545	3.5071206	0.0	0.0	0.0	0.13311219
FT1_anaerobic_Pae_G1a.CEL	0.0	0.0	0.0	0.73964614	5.569765	3.864423	0.0	0.0	0.0	0.0
FT2_aerobic_wdh_Pae_G1a.CEL	0.0	2.2573857	0.0	0.0	4.912403	3.3015003	0.0	0.10802463	0.0	0.0
FT2_anaerobic_Pae_G1a.CEL	0.0	0.0	0.0	0.875973	5.4327364	4.0423865	0.0	0.0	0.0	0.0
FT3aerobic_Pae_G1a.CEL	0.0	1.8631706	0.0	0.0	5.11684	3.5244265	0.0	0.0	0.0	0.0
FT3_anaerobic_Pae_G1a.CEL	0.0	0.0	0.0	1.0857621	5.690934	3.8659353	0.0	0.0	0.0	0.121036485
glu_plus_nt_2_8-25-09_s2.CEL	3.6267703	0.0	2.8553786	4.250826	0.9396721	0.0	0.5332991	0.0	0.0	0.2075007
GPphhRminus_11-30-09_12-3-09_s1.CEL	5.6328297	0.0	1.6400797	3.7491179	0.16651225	0.0	0.0	0.0	0.14326286	0.041335657
GPphhRminus_11-4-09_s2.CEL	4.8192987	0.0	1.4226198	3.8033323	0.16409576	0.0	0.0	0.0	0.0	1.4077159
GSM1027584_062508WT.CEL	0.0	0.0	0.0	0.0	0.0	0.0	5.682285	0.0	1.2537801	2.9902706
GSM1027585_071008WT.CEL	0.11496997	0.0	0.0	0.0	0.0	0.0	6.9258404	0.0	1.5230916	3.3117023
GSM1027586_062508plcHR.CEL	0.0	0.0	0.0	0.0	0.0	0.0	7.599176	0.0	1.2808354	1.2283452
GSM1027587_071008plcHR.CEL	0.0	0.3772629	0.24522962	0.0	0.0	0.0	8.423316	0.0	1.0224501	1.0349905
GSM1027588_062508gbdR.CEL	0.0	0.0	0.0	0.0	0.0	0.0	7.4715796	0.0	2.0741973	1.4643872
GSM1027589_071008gbdR.CEL	0.0	0.0	0.066181645	0.0	0.0	0.0	7.54029	0.0	2.1102853	1.6395001
GSM1067456_PAO1_CK_1.CEL	0.0	0.0	3.7693782	0.0	0.0	0.0	0.0	0.0	3.7410414	3.017377
GSM1067457_PAO1_PAA_1.CEL	0.0	0.0	3.6192222	0.0	0.41174927	0.0	0.0	0.0	2.5194364	4.640744
GSM1067458_PAO1_CK_2.CEL	0.0	0.0	4.2295275	0.0	0.5186699	0.0	0.25995028	0.0	3.036748	1.8762945
GSM1067459_PAO1_PAA_2.CEL	0.0	0.0	3.925041	0.0	0.0	0.0	0.17861474	0.0	2.6832895	2.6564655
GSM1112046_PGAS_25_1A.CEL	0.73578405	5.2375064	0.52632004	0.04394093	0.0	1.8036573	0.0	4.4936504	0.0	0.0
GSM1112047_PGAS_25_2A.CEL	1.4928497	3.879259	0.0	0.16466883	0.0	2.2112916	0.0	5.6744013	0.0	0.0
GSM1112048_PGAS_25_4A.CEL	0.9819443	4.9505663	0.45098525	0.037876487	0.0	1.9527314	0.0	4.681345	0.0	0.0
GSM1112049_PGAS_37_1B.CEL	0.6559451	4.936597	0.5827739	0.03135687	0.0	1.7985327	0.0	3.8965907	0.0	0.0
GSM1112050_PGAS_37_2B.CEL	0.40850273	5.135926	0.629731	0.0	0.0	1.3856897	0.0	3.3622282	0.0	0.0
GSM1112051_PGAS_37_3A.CEL	0.23841257	4.9429083	1.0651925	0.0	0.0	0.80204225	0.33371976	2.7042248	0.0	0.0
GSM1133186_Weiqing_He_L-Glu-1_021810.CEL	1.8564119	0.0	0.0	0.24196324	0.0	0.0	2.9551804	0.0	3.6397505	5.660132
GSM1133187_Weiqing_He_L-Arg-1_021810.CEL	2.1576862	0.0	0.0	0.0	0.0	0.0	4.1163344	0.0	3.4033775	4.6781883
GSM1133188_Weiqing_He_D-Glu-1_021810.CEL	1.5889618	0.0	0.0	0.0	0.0	0.0	3.6215088	0.0	3.674111	5.6539783
GSM1133189_Weiqing_He_L-Glu-2_022410.CEL	3.6497972	0.0	0.0	0.26488298	0.0	0.0	2.8054624	0.0	3.4814816	5.0334554
GSM1133190_Weiqing_He_L-Arg-2_022410.CEL	5.0023527	0.0	0.0	0.044766337	0.0	0.0	4.601114	0.0	3.2689474	3.83709
GSM1133191_Weiqing_He_D-Glu-2_022410.CEL	2.099283	0.0	0.0	0.0	0.6254304	0.0	6.3647323	0.0	3.8196268	3.2092042
GSM1146022_pJN105_1.CEL	4.7750225	0.0	0.0	0.38721895	0.0	0.29138207	0.0	0.0	0.0	2.0565958
GSM1146023_pJN105_2.CEL	3.7518563	0.0	0.0	0.17537823	0.0	0.9927391	0.0	0.4726445	0.0	0.050018817
GSM1146024_phaF_1.CEL	4.100054	0.0	0.0	0.37578487	0.0	0.7576703	0.025705516	0.0	0.0	0.059739992
GSM1146025_phaF_2.CEL	4.795107	0.0	0.0	0.23946145	0.0	0.15311095	0.0	0.0	0.0	1.5584915
GSM1177842_PAO1-1.CEL	0.0	4.7529826	3.137812	0.042916477	4.723094	0.0	6.8621683	0.0	0.0	0.0
GSM1177843_PAO1-2.CEL	0.0	4.1582904	3.1774955	0.054389805	4.5367155	0.0	6.3733993	0.0	0.0	0.0
GSM1177844_PAO1-3.CEL	0.0	4.252999	2.9450684	0.11931571	4.686927	0.0	6.1265006	0.0	0.0	0.0
GSM1177845_PAO1-AMV-1.CEL	0.0	3.7697086	2.388332	0.38128322	3.8866634	0.0	5.5899377	0.0	0.0	0.0
GSM1177846_PAO1-AMV-2.CEL	0.007907793	3.4408326	2.842302	0.4477957	4.2471066	0.0	5.7594185	0.0	0.0	0.0
GSM1177847_PAO1-AMV-3.CEL	0.0	3.410211	2.5261254	0.48157096	4.2895756	0.0	5.325623	0.0	0.0	0.0
GSM1181847_gc_WT1_1.CEL	0.0	0.9268865	2.1276846	0.0	3.3233242	0.0	0.0016281605	0.0	4.633009	2.5745492
GSM1181848_gc_WT2_3.CEL	0.0	0.3867491	2.884223	0.0	3.636807	0.0	0.6191374	0.0	4.7253747	2.473734
GSM1181849_gc_Delta1_2.CEL	0.0	1.0778899	2.5364497	0.0	3.4789245	0.0	0.31686205	0.0	4.6738515	2.2090816
GSM1181850_gc_Delta2_4.CEL	0.0	0.43885618	2.264457	0.0	3.2909932	0.0	0.21028861	0.0	4.3985558	2.989513
GSM1191066_sphR-pyr-1.CEL	0.0	0.0	0.0	0.18010291	6.707204	0.0	0.0	0.0	0.0	0.016175926
GSM1191067_sphR-pyr-2.CEL	0.0	0.0	0.0	0.30089724	7.410703	0.0	0.0	0.0	0.0	0.0
GSM1191068_sphR-surf-1.CEL	0.0	0.0	0.0	0.0	6.4956493	0.0	0.0	0.0	0.0	0.62197566
GSM1191069_sphR-surf-2.CEL	0.0	0.0	0.0	0.035660565	6.1816363	0.0	0.0	0.0	0.0	0.9457366
GSM1191070_WT-pyr-1.CEL	0.0	0.0	0.03559333	0.5447703	6.685532	0.0	0.0	0.0	0.0	0.06711806
GSM1191071_WT-pyr-2.CEL	0.0	0.0	0.0	0.10828462	7.046448	0.0	0.0	0.0	0.0	0.0
GSM1191072_WT-surf-1.CEL	0.0	0.0	0.23415683	0.0	6.2700653	0.0	0.0	0.0	0.0	0.5411304
GSM1191073_WT-surf-2.CEL	0.0	0.0	0.0	0.0930897	5.9327035	0.0	0.0	0.0	0.0	1.1980928
GSM1206643_WT-PYR-1.CEL	0.035908252	0.0	0.0	0.0	7.1916614	0.0	0.0	1.4844822	0.0	0.0
GSM1206644_WT-PYR-2.CEL	0.015934452	0.0	0.0	0.0	6.9613676	0.0	0.0	1.6371534	0.0	0.0
GSM1206645_WT-CHO-1.CEL	0.0	0.0	0.0	0.0	6.9555397	0.0	0.0	1.7046591	0.0	0.0
GSM1206646_WT-CHO-2.CEL	0.013869315	0.0	0.0	0.0	6.889844	0.0	0.0	2.211674	0.0	0.0
GSM1206647_WT-DTC-1.CEL	0.0479298	0.0	0.0	0.0	6.8017364	0.0	0.0	1.9917614	0.0	0.0
GSM1206648_WT-DTC-2.CEL	0.062397294	0.0	0.0	0.0	6.5718727	0.0	0.0	2.2404838	0.0	0.0
GSM1206649_WT-ETC-1.CEL	0.0	0.0	0.0	0.0	6.635407	0.0	0.0	2.0131931	0.0	0.0
GSM1206650_WT-ETC-2.CEL	0.0	0.0	0.0	0.0	6.0263534	0.0	0.0	2.235433	0.0	0.0
GSM1206651_WT-PRC-1.CEL	0.0	0.0	0.0	0.0	6.7898154	0.0	0.0	2.1794763	0.0	0.0
GSM1206652_WT-PRC-2.CEL	0.0	0.0	0.0	0.0	6.995723	0.0	0.0	1.9338117	0.0	0.0
GSM1206653_dgcA-CHO-1.CEL	0.0144984275	0.0	0.0	0.0	6.4819894	0.0	0.0	2.6121607	0.0	0.0
GSM1206654_dgcA-CHO-2.CEL	0.0	0.0	0.0	0.0	6.6603456	0.0	0.0	2.3392873	0.0	0.0
GSM1237734_M9_H103_2_51059600653056031211409890238138.CEL	0.0	0.0	0.6162814	0.0	0.2484172	0.0	1.1848682	0.0	5.750823	0.49511257
GSM1237735_M9_H103_3_51059600653061050411410396750551.CEL	0.0	0.0	0.31464452	0.0	0.5094263	0.0	1.2487433	0.0	5.9989123	0.33978385
GSM1237736_M9_H103_4_51059600653061050411410396750502.CEL	0.0	0.0	0.24270663	0.0	0.7994906	0.0	0.90355307	0.0	5.4815607	2.7223496
GSM1237737_M9_PAOSX_1_51059600653060050411410396750419.CEL	0.0	0.0	0.08346306	0.0	0.7926558	0.0	0.012799382	0.0	4.491847	4.4509573
GSM1237738_M9_PAOSX_3_51059600653060050411410396750359.CEL	0.0	0.0	0.032054067	0.0	0.44066128	0.0	0.16214003	0.0	4.9754457	3.8439064
GSM1237739_M9_PAOSX_4_51059600653061050411410396750526.CEL	0.0	0.0	0.06075971	0.0	0.5875742	0.0	0.39658332	0.0	4.636392	3.0804
GSM1244967_PAO1-22-replicate-01.CEL	0.0	0.0	5.807885	0.0	0.0	4.780585	2.4289958	0.0	0.0	0.0
GSM1244968_PAO1-22-replicate-02.CEL	0.0	0.0	5.743422	0.0	0.0	4.808817	2.357661	0.0	0.0	0.0
GSM1244969_PAO1-22-replicate-03.CEL	0.0	0.0	5.9224324	0.0	0.0	4.891771	2.3943596	0.0	0.0	0.0
GSM1244970_PAO1-37-replicate-01.CEL	0.0	0.0	6.1259933	0.0	0.0	4.9210906	2.222001	0.0	0.0	0.0
GSM1244971_PAO1-37-replicate-02.CEL	0.0	0.0	6.1304965	0.0	0.0	4.822593	2.3742387	0.0	0.0	0.0
GSM1244972_PAO1-37-replicate-03.CEL	0.0	0.0	5.8600945	0.0	0.0	4.9690905	2.1301777	0.0	0.0	0.0
GSM1267086_HZI1981_G1a.CEL	0.0	0.0	0.0	0.0	3.0960681	0.0	4.0576835	0.0	3.0458179	0.0
GSM1267087_HZI1950_Pae_G1a.CEL	0.0	0.0	0.2725686	0.0	3.0803893	0.0	5.115688	0.0	3.7639775	0.07490294
GSM1267088_HZI1951_Pae_G1a.CEL	0.0	0.0	0.0	0.0	3.4509766	0.0	3.5844257	0.0	3.1293087	0.45829082
GSM1267089_HZI1952_Pae_G1a.CEL	0.0	0.0	0.0	0.0	3.486952	0.0	4.253184	0.0	3.4428754	0.3877861
GSM1267090_HZI1953a_Pae_G1a.CEL	0.0	0.0	0.0	0.0	3.3761873	0.0	3.3721695	0.0	3.8152826	0.8348458
GSM1267091_HZI1954_Pae_G1a.CEL	0.0	0.5881766	1.1509957	0.0	3.1456413	0.0	2.5544033	0.0	3.3701556	1.1516814
GSM1267092_HZI1955_Pae_G1a.CEL	1.603333	0.35656947	0.83752996	0.0	4.675516	0.0	2.5766878	0.0	3.881434	3.439889
GSM1267093_HZI1956_Pae_G1a.CEL	0.0	1.3462598	1.6074276	0.0	3.4446805	0.0	1.7571018	0.0	3.4305668	1.7853898
GSM1267094_HZI1958_Pae_G1a.CEL	0.0	0.88874876	0.85064095	0.0	2.4848025	0.0	1.0981998	0.0	2.255484	1.5870477
GSM1267095_HZI1959_Pae_G1a.CEL	0.0	1.2720363	0.7507387	0.0	1.0979704	0.0	0.44503433	0.4661833	1.1735618	0.9543
GSM1267096_HZI1960a_Pae_G1a.CEL	0.0	0.9598095	1.5861688	0.0	3.2108119	0.0	1.5638652	0.0	3.459988	2.9576674
GSM1267097_HZI1961_Pae_G1a.CEL	0.0	0.0	0.9800306	0.0	3.0027804	0.0	1.3029454	0.0	2.792197	2.6745858
GSM1267098_HZI1962_Pae_G1a.CEL	0.0	0.0	0.8825684	0.0	3.4693258	0.0	1.4654431	0.0	3.1078799	3.2370768
GSM1267099_HZI1963_Pae_G1a.CEL	0.1528487	0.0	0.19686735	0.0	2.9561539	0.0	1.274523	0.0	2.6254387	2.7751646
GSM1267100_HZI1966_Pae_G1a.CEL	0.0	0.0	0.73457783	0.0	3.6162128	0.0	4.3167343	0.0	3.864435	0.7272769
GSM1267101_HZI1967_Pae_G1a.CEL	0.0	0.0	0.0	0.0	2.9828613	0.0	2.1386259	0.774536	1.9872451	0.0
GSM1267102_HZI1968_Pae_G1a.CEL	0.19685721	0.0	0.047675848	0.0	4.3987684	0.0	4.4474545	0.0	4.0706778	0.3185132
GSM1267103_HZI1969_Pae_G1a.CEL	0.14059496	0.0	0.04260236	0.0	4.4349933	0.0	4.8542724	0.0	4.392385	0.23957385
GSM1267104_HZI1970_Pae_G1a.CEL	0.13110806	0.0	0.0	0.0	4.5189323	0.0	4.8165617	0.0	4.399521	0.4209601
GSM1267105_HZI1971_Pae_G1a.CEL	0.0	0.0	0.0	0.0	4.356943	0.0	4.562939	0.0	4.3300853	0.29484448
GSM1267106_HZI1972_Pae_G1a.CEL	0.031624712	0.0	0.0	0.0	4.3068237	0.0	4.4010906	0.0	4.583525	0.3488667
GSM1267107_HZI1973_Pae_G1a.CEL	0.0	0.0	0.0	0.0	4.406641	0.0	4.382482	0.0	4.4710984	0.43429464
GSM1267108_HZI1974_G1a.CEL	0.0	0.0	0.0	0.0	4.1051097	0.0	4.0193043	0.0	4.3116393	0.56153584
GSM1267109_HZI1975_G1a.CEL	0.0	0.0	0.0	0.0	3.8782334	0.0	4.0205393	0.0	3.7828953	0.063855425
GSM1267110_HZI1976_G1a.CEL	0.0	0.0	0.0	0.0	3.1658626	0.0	2.8219817	0.15833896	2.8916142	0.0
GSM1267111_HZI1977_G1a.CEL	0.0	0.0	0.0	0.0	3.32615	0.0	3.179049	0.058273703	3.0330503	0.0
GSM1267112_HZI1978_G1a.CEL	0.0	0.0	0.0	0.0	3.8069992	0.0	4.346646	0.0	3.7974803	0.18019474
GSM1267113_HZI1979_G1a.CEL	0.009068891	0.0	0.0	0.0	3.7964547	0.0	4.321293	0.0	3.8535266	0.1974441
GSM155231.CEL	1.5865679	0.0	0.0	0.0	0.0	0.0	0.0	0.0	4.128805	3.847815
GSM155239.CEL	1.5743679	0.0	0.060383916	0.0	0.022159725	0.0	0.0	0.0	1.0425776	4.531714
GSM155240.CEL	4.186697	0.0	0.29467344	0.0	0.5684717	0.0	0.0	0.0	2.4168704	4.0627036
GSM155241.CEL	3.2405317	0.0	1.0946124	0.0	1.0736523	0.0	0.34038404	0.0	1.9633892	4.500374
GSM155242.CEL	3.6114228	0.0	0.3200943	0.0	0.0	0.0	0.0	0.0	1.3001076	6.1305294
GSM155243.CEL	2.554553	0.0	0.620571	0.0	0.0	0.0	0.0	0.0	3.371656	5.1638317
GSM155244.CEL	5.136573	0.0	0.0	0.078722656	0.0	0.0	0.0	0.0	0.7593305	4.1310434
GSM155245.CEL	4.9639683	0.0	0.0	0.06771177	0.0	0.0	0.002713114	0.0	0.5414679	5.19346
GSM156153.CEL	0.8756272	0.0	0.0	0.0	0.0	0.009078592	0.0	0.0	4.723916	1.672504
GSM156154.CEL	0.0	0.74535125	0.66654044	0.0	0.0	0.047502816	0.0	3.1237972	0.045327127	0.0
GSM156155.CEL	1.5917581	0.0	0.0	0.0	0.0	0.15754616	0.0	0.0	5.1582646	0.009520769
GSM156156.CEL	1.3877983	0.0	0.0	0.0	0.0	0.14293998	0.0	0.0	3.6269057	0.0
GSM156157.CEL	2.6192083	0.0	0.0	0.0	0.0	0.4986135	0.0	0.0	5.9786334	0.0
GSM156158.CEL	3.3086088	0.0	0.0	0.0	0.0	0.18999338	0.0	0.0	6.33185	0.72575253
GSM156172.CEL	3.1391828	0.0	0.0	0.0	0.0	1.3139596	0.0	0.0	4.872781	0.0
GSM156173.CEL	3.1951134	0.0	0.0	0.0	0.0	0.42030978	0.0	0.0	5.9672303	0.0
GSM156174.CEL	0.0	1.5622094	0.027562052	0.0	0.0	0.0	0.0	0.0	5.224707	0.0
GSM156175.CEL	0.0	1.4229933	0.33523595	0.0	0.0	0.0	0.0	0.0	5.102762	0.0
GSM175247.CEL	0.0	2.6106043	0.0	0.0	0.0	0.0	2.8661828	1.2665066	0.24878407	0.0
GSM175248.CEL	0.0	1.8629615	0.048271447	0.0	0.0	0.0	0.32099342	3.3326914	0.028333962	0.0
GSM177216.CEL	0.24237533	0.0	4.426146	0.5064402	0.20133904	0.0	2.791277	0.0	2.338712	2.184132
GSM177218.CEL	0.0	0.0	3.77094	0.16704276	0.31614107	0.0	1.742079	0.0	1.6112665	0.1453519
GSM187265.CEL	0.0	1.9575937	0.0	0.017503083	0.0	0.07608859	0.0	0.0	5.62568	0.0
GSM187266.CEL	1.8995174	0.21813434	0.0	0.016757011	0.0	0.08862458	0.0	0.0	5.0569844	0.0
GSM187267.CEL	0.4925285	1.3282217	0.0	0.0	0.0	0.10453701	0.0	0.0	7.8928304	0.0
GSM187270.CEL	0.0	1.9623117	0.0	2.2383687	0.0	1.2984841	0.0	0.0	3.3471158	0.0
GSM187281.CEL	0.13696502	0.09880337	0.0	2.5034547	0.0	0.5008228	0.0	0.0	4.830054	0.0
GSM187282.CEL	0.0	0.3415751	0.0	2.013968	0.0	0.98482966	0.0	0.7875396	2.350279	0.0
GSM187283.CEL	0.0	0.0038844645	0.0	2.014061	1.6786141	1.2881339	0.0	0.53104174	0.0	0.0
GSM187284.CEL	0.22377372	0.0	0.0	1.587063	0.9837136	2.3432956	0.0	1.5237386	0.056343377	0.0
GSM197237.CEL	0.27431726	0.0	4.5279527	0.0	0.0	0.0	1.8238175	0.0	1.8197193	2.9671783
GSM197238.CEL	0.0	0.0	0.0	0.0	0.0	0.0	0.0	2.8588696	0.0	0.0
GSM198186.CEL	0.11672913	0.0	0.0	0.0	0.0	0.0	0.0	0.0	6.6198654	0.08560021
GSM198187.CEL	1.0111225	0.1631346	0.0	0.0	0.2524633	0.011382133	0.0	0.0	6.9183826	0.0
GSM198188.CEL	0.7363455	0.022524044	0.0	0.0	0.15362507	0.4855672	0.0	0.0	5.6386447	0.0
GSM198189.CEL	0.45957485	1.2763205	0.0	0.0	0.0	0.0	0.3631057	0.0	5.6051025	0.0
GSM198190.CEL	2.372371	0.0	0.0	0.0	0.0	0.0	2.9717488	0.0	4.857782	1.3930693
GSM198191.CEL	1.718761	0.0	0.0	0.052552193	0.0	0.0	3.2714822	0.0	4.7300196	0.9409637
GSM199982.CEL	0.0	0.0	5.447851	0.0	0.0	0.0	2.7800477	0.0	0.7186037	0.8143995
GSM199983.CEL	0.0	0.0	5.367259	0.0	0.0	0.0	2.704684	0.0	0.6363231	0.75816095
GSM199984.CEL	0.0	0.0	4.1703773	0.0	0.0	0.0	1.1072868	0.0	0.517479	1.275274
GSM199985.CEL	0.0	0.0	4.5485077	0.0	0.0	0.0	1.2648518	0.0	0.73669624	1.6020294
GSM199986.CEL	0.0	0.0	4.403084	0.0	0.0	0.0	1.1578993	0.0	0.6182555	1.4467639
GSM208602.CEL	0.0	0.0	2.0159395	3.6871576	0.0	0.0	0.0	0.0	0.0	5.0545216
GSM208603.CEL	0.0	0.0	2.0228724	4.5725417	0.0	0.0	0.0	0.0	0.0	5.929072
GSM208604.CEL	0.0	0.0	1.4616723	3.1102295	0.0	0.0	0.0	0.0	0.0	4.6650715
GSM208605.CEL	0.36931318	0.01447098	0.31949964	5.740024	0.0	0.013593599	0.0	0.0	0.0	6.356819
GSM208606.CEL	0.0	0.0	0.0	2.9452062	0.0	0.0	0.0	0.0	0.0	3.5904164
GSM208607.CEL	0.0	2.9276757	0.0	4.985214	0.0	0.50317246	0.0	0.2117633	0.0	5.305054
GSM208608.CEL	0.0	0.80209816	0.0	5.820192	0.0	0.12479763	0.0	0.0	0.0	6.635177
GSM208609.CEL	0.0	0.806627	0.0	3.807128	0.0	0.1648688	0.0	0.0	0.0	4.5436974
GSM208610.CEL	0.9018572	1.0615075	0.011080205	5.9619403	0.0	0.15468727	0.0	0.0	0.0	5.5646753
GSM208611.CEL	0.0	1.0012136	0.0	6.1744766	0.0	0.06485546	0.0	0.0	0.0	6.4772663
GSM208612.CEL	0.0	0.74360305	0.0	5.6682644	0.0	0.03346385	0.0	0.0	0.0	6.031139
GSM208613.CEL	0.0	0.75395596	0.0	4.132856	0.0	0.11500998	0.0	0.0	0.0	5.304174
GSM208614.CEL	0.0	0.31670934	0.1806596	4.972214	0.0	0.0	0.0	0.0	0.0	6.676165
GSM208615.CEL	0.0	0.0	0.0	0.6415314	0.0	0.0	0.0	0.0	0.43090114	3.4791675
GSM208616.CEL	0.109104544	0.0	0.0	0.84331274	0.0	0.0	0.0	0.0	1.446336	5.3426094
GSM208617.CEL	0.12153999	0.0	0.0	1.4171443	0.0	0.0	0.0	0.0	1.5637485	6.424955
GSM208618.CEL	0.0	0.0	0.0	2.6285386	0.0	0.0	1.0723393	0.0	2.2026482	6.1641974
GSM208619.CEL	0.0	0.0	0.0	2.272771	0.0	0.0	0.0	0.0	1.095829	5.0911202
GSM208620.CEL	0.0	0.0	0.0	0.16822776	0.034062147	0.0	0.0	0.0	1.2043334	4.0468106
GSM208621.CEL	0.3859048	0.0	0.21892421	0.90938556	0.0	0.0	0.16518871	0.0	2.5119493	6.4921417
GSM234928.CEL	0.0	0.0	4.4304543	0.0	0.0	0.0	2.1982296	0.0	0.9886761	0.020254552
GSM234929.CEL	0.0	0.0	0.0	0.0	0.0	0.0	0.0	2.8588696	0.0	0.0
GSM242671.CEL	0.058213763	0.9433833	6.0809684	3.144875	0.35244274	0.0	0.082178906	0.0	0.0	0.20300715
GSM242676.CEL	2.916999	0.0	2.6165476	4.023908	0.08982366	0.0	0.0	0.0	0.0	1.1543978
GSM242677.CEL	0.0	1.3379171	5.5513835	2.7718043	0.36067793	0.0	0.20387632	0.0	0.0	0.0
GSM243221.CEL	1.6688968	0.0	0.10422164	3.4213371	0.0	0.0	0.0	0.0	0.0	2.8428693
GSM243222.CEL	0.026783735	0.0	2.058988	3.3205318	0.18103006	0.0	0.30288997	0.0	0.0	4.596772
GSM243223.CEL	0.38464588	0.0	0.518045	1.9402928	0.0	0.0	0.0	0.0	0.0	4.246668
GSM243224.CEL	0.14241222	0.0	1.5016971	1.7853783	0.07811475	0.0	0.0	0.0	0.0	4.9889045
GSM244065.CEL	0.0	0.0	5.0284576	0.0	0.82523936	0.0	0.0	0.0	3.6816363	0.92340124
GSM244066.CEL	0.0	0.0	5.2032776	0.0	1.051526	0.0	0.0	0.0	3.6116505	0.9847855
GSM244067.CEL	0.0	0.0	5.0991845	0.0	1.1460869	0.0	0.0	0.0	3.7847853	0.809329
GSM244068.CEL	0.0	0.0	4.885024	0.0	1.2380201	0.0	0.0	0.0	3.9631302	0.753264
GSM244069.CEL	0.0	0.0	4.4689865	0.0	1.1972948	0.0	0.0	0.0	3.5381866	0.9542012
GSM244070.CEL	0.0	0.0	4.7987943	0.0	1.3315116	0.0	0.0	0.0	3.649057	0.90178853
GSM244071.CEL	0.0	0.0	5.0810647	0.0	1.5248404	0.0	0.0	0.0	4.2446218	1.3917941
GSM244072.CEL	0.0	0.0	4.4065995	0.0	1.1931903	0.0	0.0	0.0	3.4387016	1.8208394
GSM251201.CEL	4.1917744	0.0	0.0	0.0	0.98141336	0.0	2.4163778	0.0	2.9173033	3.4068193
GSM251202.CEL	3.49345	0.0980677	0.0	0.0	0.30611128	0.00079262257	0.3026161	0.0	2.2229524	4.6293993
GSM251203.CEL	2.4115908	0.0	0.0	0.0	0.5412481	0.08271873	0.0	0.0	1.3398852	1.9359473
GSM251204.CEL	2.1741583	0.0	0.0	0.5681434	0.0	0.0	1.1293932	0.0	2.3279116	5.4218197
GSM251205.CEL	4.3797884	0.0	0.0	0.20383477	0.0	0.0	1.7887454	0.0	3.0286593	3.7284575
GSM251206.CEL	2.4622297	0.0	0.0	0.9610355	0.0	0.0	1.056493	0.0	2.0360076	5.0039773
GSM252496.CEL	3.776567	0.0	0.07983641	0.69174355	0.3289595	1.5062406	0.0	1.3349708	0.27135378	0.0
GSM252501.CEL	3.5052154	0.0	0.4035637	1.1570761	0.4639685	1.1108452	0.0	0.5550986	0.39658257	0.0
GSM252505.CEL	3.3324342	0.0	0.58896196	1.1449889	0.5046392	1.0457208	0.0	0.38899797	0.23233259	0.04849845
GSM252506.CEL	2.042847	0.0	0.0	1.8916996	0.8993778	1.6071224	0.0	1.6721954	0.0	0.0
GSM252507.CEL	2.08291	0.0	0.0	2.1078558	0.75049967	1.483537	0.0	1.3565087	0.0	0.0
GSM252508.CEL	1.5824213	0.0	0.0	1.0545983	0.030963987	1.6072848	0.0	2.5997906	0.0	0.0
GSM252559.CEL	0.0	3.968102	5.1826043	1.4885578	0.1041145	0.0	0.0	0.0	0.0	0.28724724
GSM252560.CEL	0.0	3.4872956	5.6144505	1.9830458	0.29047447	0.0	0.0	0.0	0.0	0.7488241
GSM252561.CEL	0.0	3.9048843	5.1952734	1.3876936	0.28521085	0.0	0.0	0.0	0.0	0.20036404
GSM252562.CEL	0.0	2.6221719	5.532984	1.9875022	0.0	0.0	0.18565385	0.0	0.0	0.24146584
GSM254432.CEL	0.01880759	0.0	4.752225	0.0	0.20627093	0.0	3.7123957	0.0	2.0877616	0.95389813
GSM261915.CEL	0.0	0.0	0.0	0.90382683	0.0	0.0	0.04124993	2.6933408	0.0	0.0
GSM261916.CEL	0.0	0.0	0.0	1.0547115	0.0	0.0	0.20419541	2.24693	0.0	0.0
GSM261917.CEL	0.0	0.0	0.0	1.187146	0.0	0.0	0.0	3.573059	0.0	0.0
GSM261918.CEL	0.0	0.63907945	0.0	0.81430554	0.0	0.0	1.3649797	1.1406784	0.0	0.012871772
GSM261919.CEL	0.0	0.0	0.0	0.51419246	0.0	0.0	0.0	4.456626	0.0	0.0
GSM261920.CEL	0.0	0.0	0.0	0.49493453	0.0	0.0	0.0	2.6821518	0.0	0.0
GSM261921.CEL	0.0	0.0	0.0	1.8572476	0.0	0.0	0.30358016	0.47024465	0.0	0.9259778
GSM261922.CEL	0.0	0.0	0.14825639	3.4041991	0.0	0.0	2.2173977	0.0	0.0	3.1372433
GSM261923.CEL	0.0	0.0	0.0	3.1544232	0.0	0.0	1.314919	0.0	0.0	1.7265667
GSM261924.CEL	0.0744073	0.0	0.7146492	3.3385572	0.0	0.0	2.0263555	0.0	0.0	2.8987703
GSM261925.CEL	0.0	0.0	0.68732727	2.3257294	0.0	0.0	3.5512822	0.0	0.0	1.2689449
GSM261926.CEL	0.62318873	0.0	0.8704257	4.1031537	0.0	0.0	2.735361	0.0	0.0	2.8334084
GSM261927.CEL	0.0	0.0	0.8467027	2.552805	0.0	0.0	2.3126798	0.0	0.0	2.0593987
GSM261928.CEL	0.0	0.0	1.5196102	2.0211267	0.0	0.0	2.7313824	0.0	0.0	1.6972584
GSM261929.CEL	0.08353198	0.0	1.0180998	3.9345775	0.0	0.0	3.2135112	0.0	0.0	2.3371344
GSM261930.CEL	0.0	0.0	0.0	2.2382617	0.0	0.0	0.72248185	2.0685956	0.0	0.2911061
GSM261931.CEL	0.36609513	0.0	0.88982683	3.9969826	0.0	0.0	3.5569956	0.0	0.0	2.0323238
GSM261932.CEL	0.12626517	0.0	0.0	3.3582501	0.0	0.0	1.1407546	0.0	0.0	1.2828634
GSM261933.CEL	0.0	0.78199416	0.08980809	1.0384347	0.0	0.0	0.8851874	0.04503557	0.0	0.7136355
GSM261934.CEL	0.0	0.0	0.28588948	1.7186283	0.0	0.0	1.195225	0.0	0.0	1.0313007
GSM261935.CEL	0.0	0.0	0.061397895	3.468319	0.0	0.0	1.4673221	0.0	0.0	2.3439307
GSM261936.CEL	0.0	0.0	0.0	3.707687	0.0	0.0	2.0144224	0.0	0.0	1.9116728
GSM261937.CEL	0.0	0.0	0.0	3.5260153	0.0	0.0	2.037007	0.0	0.0	2.1722345
GSM261938.CEL	0.0	0.0	0.0	4.3443613	0.0	0.0	2.3342125	0.0	0.0	2.751515
GSM267248.CEL	0.97688484	0.0	0.0	0.0	0.0	0.0	0.0	0.0	0.0	2.662424
GSM267249.CEL	0.41260287	0.0	0.5877368	0.0	0.839841	0.0	0.0	0.0	0.24495244	2.3272161
GSM267250.CEL	1.0299444	0.0	0.0	0.0	0.0	0.0	0.0	0.0	0.0	3.8425012
GSM267251.CEL	1.2380139	0.0	0.0	0.0	0.0	0.0	0.0	0.0	0.0	3.2521424
GSM267252.CEL	0.028594032	0.07095124	0.0	0.0	0.0	0.0	0.0	0.7038049	0.0	0.55412173
GSM267253.CEL	0.14543052	0.0	0.4576723	0.0	0.0	0.0	0.04936929	0.0	0.0	0.6190614
GSM267254.CEL	0.0	0.0	0.3354081	0.0	0.0	0.0	0.0	0.0	0.0	2.2616792
GSM267255.CEL	0.0	0.0	0.5315085	0.0	0.0	0.0	0.0	0.0	0.0	2.9378462
GSM267256.CEL	0.0	0.42429128	1.6879611	0.0	0.0	0.0	0.0	1.1051893	0.35578626	0.0
GSM267257.CEL	0.0	0.5961113	0.7979115	0.0	0.0	0.0	0.006980628	1.5741214	0.024353981	0.0
GSM267258.CEL	0.0	0.0	2.742092	0.0	0.0	0.0	0.2983977	0.0	0.645927	0.29267263
GSM267259.CEL	0.0	0.0	2.3270924	0.0	0.0	0.0	0.06322722	0.3301025	0.47889927	0.10861037
GSM290747.CEL	1.268784	0.0	0.0	0.0	2.1872041	0.0	0.28725514	0.0	0.39399388	5.9482284
GSM290748.CEL	1.1710112	0.0	0.0	0.0	2.226348	0.0	0.21400452	0.0	0.42602134	5.585687
GSM290749.CEL	0.0	1.3276478	0.2833778	0.0	1.9077692	0.0	1.9141388	0.0	0.0	1.8552607
GSM290750.CEL	0.0	0.6241683	0.35317	0.0	1.9526385	0.0	1.3968527	0.0	0.0	1.7298671
GSM290751.CEL	0.3318985	0.5278033	0.0	0.0	1.5373799	0.0	2.2651455	0.0	0.0	1.6544874
GSM290752.CEL	0.0	0.9450355	0.7212399	0.0	2.3501823	0.0	1.5972075	0.0	0.06870198	1.9623739
GSM307112.CEL	2.216938	0.0	0.0	0.0	0.0	0.0	0.8623932	0.0	0.0	2.4068966
GSM307113.CEL	2.2682948	0.0	0.02125132	0.23155662	0.0	0.0	1.0678668	0.0	0.0	2.9256644
GSM307114.CEL	3.0075178	0.0	0.4797079	0.17331594	0.0	0.0	1.5630147	0.0	0.0	3.7743764
GSM307115.CEL	0.0	4.9120927	1.072227	0.0	0.0	0.0	1.3762422	1.5307375	0.0	0.0
GSM307116.CEL	0.0	4.168391	0.53103477	0.0	0.0	0.0	0.001174748	2.953888	0.0	0.0
GSM307117.CEL	0.0	4.9857693	0.48057994	0.0	0.0	0.0	0.21828559	2.7732322	0.0	0.0
GSM307118.CEL	1.6570042	0.0	2.6230319	0.0	0.14510444	0.0	0.06897141	0.0	2.1829202	2.4927707
GSM307119.CEL	2.5918553	0.0	2.2294269	0.0	0.0052389205	0.0	0.0	0.0	2.2970788	3.0546002
GSM307120.CEL	2.3920784	0.0	2.1208081	0.0	0.094840914	0.0	0.0	0.0	2.2796607	3.0053806
GSM307121.CEL	0.0	0.9526173	1.5364344	0.0	0.48376215	0.0	0.23522732	0.0	0.9579917	0.0
GSM307122.CEL	0.0	1.4903706	1.418123	0.0	0.2580796	0.0	0.36361971	0.028814018	0.35148948	0.0
GSM307123.CEL	0.0	1.3835939	1.7407768	0.0	0.23527107	0.0	0.42332298	0.0	0.591262	0.0
GSM307124.CEL	0.0	0.053338766	1.2128124	0.0	0.32006016	0.0	0.0	0.0	0.955604	0.6758003
GSM307125.CEL	0.0	0.08441656	1.0443542	0.0	0.30432796	0.0	0.0	0.0	0.8771619	0.9064563
GSM307126.CEL	0.0	0.0	1.6621797	0.0	0.5992048	0.0	0.0	0.0	1.4153247	1.569929
GSM307134.CEL	0.0	0.0	4.623138	0.0	0.3829316	0.0	1.8515902	0.0	2.548226	1.1048601
GSM307135.CEL	0.0	0.0	4.3090386	0.0	0.3772629	0.0	1.970289	0.0	2.191897	0.48472768
GSM318398.CEL	0.0	3.3542137	0.0	0.0	0.0	0.0	0.0	2.2472875	0.0	0.0
GSM318399.CEL	0.0	0.61579275	0.0	0.0	0.0	0.0	0.0	1.0416206	0.074897766	0.13507152
GSM318400.CEL	0.0	2.495947	0.0	0.0	0.0	0.0	0.3468017	0.70594615	0.07830298	0.0
GSM318401.CEL	0.22147998	2.4210286	0.0	0.0	0.0	0.2681197	0.0	3.4823956	0.0	0.0
GSM318402.CEL	0.0	0.66544056	0.0	0.0	0.0	0.0	0.0	2.0087032	0.0	0.0
GSM318403.CEL	0.14197707	1.6406544	0.0	0.0	0.0	0.0	0.0	2.983394	0.0	0.0
GSM318404.CEL	0.76579994	1.304893	0.0	0.79768425	0.0	0.4005263	0.0	0.86390305	0.0	0.0
GSM318405.CEL	0.014114499	0.13503292	0.0	0.7002288	0.0	0.0	0.0	0.69510704	0.0	0.0
GSM318406.CEL	0.2629226	0.7252988	0.0	0.22418624	0.0	0.0	0.0	1.6959494	0.0	0.0
GSM318407.CEL	0.6727787	1.2874439	0.0	0.07927424	0.0	0.35051444	0.0	2.5055335	0.0	0.0
GSM318408.CEL	0.0	1.858294	0.0	0.093401045	0.033836514	0.0	0.017803341	0.0	0.1232295	0.5190817
GSM318409.CEL	0.0	0.0	0.0	0.009200335	0.0	0.0	0.0	3.0424309	0.0	0.0
GSM318716.CEL	0.0	1.2510965	6.280821	3.2374468	0.57088065	0.0	0.26582515	0.0	0.0	0.1882357
GSM334310.CEL	3.0901108	0.0	2.1438997	0.0	0.0	0.0	0.0	0.0	0.0	6.394324
GSM334311.CEL	4.4024916	0.0	2.2063649	0.0	0.0	0.0	0.0	0.0	0.0	4.8826504
GSM334312.CEL	1.9785969	0.0	1.1787032	0.0	0.0	0.6479269	0.0	0.0	0.0	4.58914
GSM334313.CEL	0.565153	0.0	2.0233781	0.0	0.0	0.3148111	0.0	0.0	0.0	4.881283
GSM334314.CEL	2.5904913	0.0	1.9343383	0.22606611	0.0	0.0	0.0	0.0	0.0	5.168749
GSM334315.CEL	1.9107208	0.0	1.9002557	0.13319498	0.0	0.0	0.0	0.0	0.0	5.283866
GSM335182.CEL	0.005566269	0.0	2.9673326	2.3261132	0.0	0.0	0.0	3.2041764	0.0	0.0
GSM335183.CEL	0.0	0.0	1.2228541	1.340359	0.0	0.0	0.0	5.618416	0.0	0.0
GSM349042.CEL	0.0	0.35961217	4.295014	2.623156	0.047594607	0.0	0.0	1.2035204	0.0	0.0
GSM349045.CEL	0.074505284	0.86789745	6.032675	3.7112746	0.55920666	0.0	0.6226968	0.0	0.0	0.31917965
GSM349047.CEL	0.17808366	1.6338902	6.431567	3.6734195	0.93483645	0.0	0.55511206	0.0	0.0	0.13983494
GSM349048.CEL	0.0	0.8785204	4.9814477	3.2939005	0.530723	0.0	0.0	0.0	0.0	0.22210278
GSM356953.CEL	1.7226137	0.81072557	0.0	0.044045806	0.0	0.8681357	0.0	2.6510785	0.0	0.0
GSM356954.CEL	1.203596	0.77101576	0.0	0.07619959	0.0	0.70161575	0.0	2.5281641	0.0	0.0
GSM356955.CEL	1.2611158	0.82355446	0.0	0.1251457	0.0	0.7347436	0.0	2.4804451	0.0	0.0
GSM356956.CEL	0.6829974	0.7932719	0.0	0.17849863	0.0	0.72466654	0.0	2.894613	0.0	0.0
GSM356957.CEL	0.61782897	1.044783	0.0	0.17974654	0.0	0.8548669	0.0	3.4050958	0.0	0.0
GSM356958.CEL	0.48061126	0.73140794	0.0	0.16970435	0.0	0.54046667	0.0	3.164512	0.0	0.0
GSM356959.CEL	0.7298127	0.97890747	0.0	0.17959684	0.0	0.9462259	0.0	4.4960823	0.0	0.0
GSM356960.CEL	0.9658538	1.2061375	0.0	0.1627169	0.0	1.0779874	0.0	4.372947	0.0	0.0
GSM356961.CEL	0.571237	0.70538044	0.0	0.13022307	0.0	0.591084	0.0	3.7914004	0.0	0.0
GSM366976.CEL	0.14541286	2.5783954	6.3929906	3.3004956	0.40337905	0.0	0.05583045	0.0	0.0	0.0
GSM366977.CEL	0.0	3.098374	6.133577	2.0594692	0.71763074	0.0	0.0	0.0	0.0	0.0
GSM375702.CEL	1.030549	0.0	5.2931104	3.6439247	0.5857172	0.0	0.0	0.0	0.0	3.1003056
GSM375703.CEL	1.2351018	0.0	4.478679	3.7618055	0.4272832	0.0	0.0	0.0	0.0	3.489832
GSM393044.CEL	0.0	0.0	3.9886193	0.0	0.92196953	0.0	0.0	0.0	2.7607853	0.7518798
GSM393045.CEL	0.0	0.0	4.4020867	0.0	1.1604505	0.0	0.0	0.0	3.6615896	1.0950475
GSM424829.CEL	0.0	0.0	0.0	0.0	0.0	0.0	0.0	4.266982	0.0	0.0
GSM424830.CEL	0.0	0.0	0.0	0.0	0.0	0.0	0.0	4.9765058	0.0	0.0
GSM424831.CEL	0.0	0.0	0.0	0.0	0.0	0.0	0.0	4.6261964	0.0	0.0
GSM424832.CEL	0.0	0.0	0.36405426	0.04202929	0.0	0.0	0.0	1.9215524	0.0	0.0
GSM424833.CEL	0.0	0.0	0.28970346	0.02257663	0.0	0.0	0.0	1.9654839	0.0	0.0
GSM424834.CEL	0.0	0.0	0.055710882	0.0	0.0	0.0	0.0	3.4590874	0.0	0.0
GSM424835.CEL	0.0	0.0	0.23422666	0.0	0.0	0.0	0.0	3.5771017	0.0	0.0
GSM424836.CEL	0.16557655	1.0378265	0.0	0.0	0.0	1.3987017	0.0	4.4974623	0.0	0.0
GSM429472.CEL	2.3735297	0.11664703	0.0	0.0	0.0	0.45565337	0.0	0.48548406	0.0	0.2624763
GSM429475.CEL	1.8439509	0.42922944	0.0	0.02142477	0.0	0.89671826	0.0	1.6776894	0.0	0.0
GSM429476.CEL	0.0411475	1.4169515	0.0	0.0	0.0	0.6976384	0.0	2.2074246	0.0	0.15606657
GSM429477.CEL	0.07548414	1.7124964	0.0	0.0	0.0	0.6513413	0.0	2.8219879	0.0	0.19278815
GSM429478.CEL	0.31624	2.17343	0.0	0.014200449	0.0	0.98118603	0.0	3.4797003	0.0	0.0
GSM429479.CEL	0.3345915	1.7534537	0.0	0.110970914	0.0	0.8023453	0.0	2.830222	0.0	0.037096217
GSM429480.CEL	0.0	1.0319185	0.0	0.0	0.0	0.06585318	0.0	0.20063236	0.0	1.2683192
GSM429481.CEL	0.0	0.83406335	0.0	0.0	0.0	0.046193346	0.0	0.4581799	0.0	1.0932117
GSM432860.CEL	3.5943198	0.0	0.0	0.0	0.0	0.0	0.0	0.0	0.0	5.9744606
GSM432861.CEL	4.070985	0.0	0.0	0.0	0.0	0.0	0.0	0.0	0.0	5.7306623
GSM432862.CEL	3.5985305	0.0	0.0	0.36799815	0.0	0.0	0.0	0.0	0.0	5.290819
GSM432863.CEL	2.9747488	0.0	0.0	0.095415324	0.0	0.0	0.0	0.0	0.0	5.2512746
GSM432864.CEL	5.399246	0.0	0.0	0.046903998	0.0	0.0	0.0	0.0	0.0	4.1590376
GSM432865.CEL	5.3978767	0.0	0.0	0.29366422	0.0	0.0	0.0	0.0	0.0	4.0089793
GSM432866.CEL	0.0	0.0	3.5504394	0.0	0.0	0.0	0.0	0.0	2.131612	2.9094734
GSM432867.CEL	0.0	0.0	3.0669658	0.0	0.0	0.0	0.0	0.0	2.4421937	3.8053946
GSM432868.CEL	0.0	0.0	2.2077713	0.0	0.0	0.0	0.0	0.0	1.6889677	3.916451
GSM432869.CEL	0.0	0.0	3.8167598	0.0	0.22716615	0.0	0.39468843	0.0	2.9568236	2.8998575
GSM432870.CEL	0.0	0.0	4.4352536	0.0	0.54488266	0.0	2.5422173	0.0	2.450916	0.5208061
GSM432871.CEL	0.0	0.0	4.097985	0.0	0.36175427	0.0	2.3889105	0.0	2.7746105	1.1312106
GSM45588.CEL	0.055263303	2.5153584	1.0348182	0.0	0.0	0.8610912	0.0	3.3383117	0.0	0.0
GSM45589.CEL	0.07658048	1.9564006	0.6379075	0.0	0.0	0.711851	0.0	4.181716	0.0	0.0
GSM45590.CEL	0.0	0.7416915	0.27177835	0.04342547	0.0	0.0	0.0	2.779343	0.0	0.0
GSM45591.CEL	0.0	1.8251245	0.8341577	0.0	0.0	0.47970647	0.0	1.9107437	0.0	0.0
GSM462061.CEL	0.0	0.0	0.65593016	1.4710526	0.26094308	0.0	0.0	4.7066727	0.0	0.0
GSM462062.CEL	0.0	0.0	1.9888399	2.2548609	1.0353293	0.0	0.0	1.2840149	0.0	0.0
GSM462063.CEL	0.0	2.4881878	5.6931553	1.5545919	0.0	0.0	0.91922784	0.0	0.0	0.0
GSM462064.CEL	0.0	0.8392847	5.3247657	2.2493558	0.29920655	0.0	0.0	0.0	0.0	2.8144507
GSM462352.CEL	0.59627175	0.5559732	1.1471972	1.4352453	1.7991308	0.11126605	0.0	0.00040143728	1.0212799	0.03068097
GSM462353.CEL	1.5586398	1.3695983	4.312266	3.864551	1.7506	0.0	1.1046247	0.0	0.3301698	0.34560806
GSM462354.CEL	0.104110375	0.0	5.6171403	3.6542435	1.9388525	0.0	0.0	0.0	0.0	2.4611907
GSM462355.CEL	0.04351403	0.44775736	5.5047426	4.034037	2.082676	0.0	0.0	0.0	0.0	2.3885493
GSM537320.CEL	0.0	0.0	0.0	0.0	4.074534	0.0	0.0	4.8408904	0.0	0.0
GSM537321.CEL	0.0	0.0	0.0	0.0	3.8201015	0.0	0.0	4.8419175	0.0	0.0
GSM541640.CEL	3.1129072	0.0	0.0	3.0921116	0.51944244	0.0	0.0	0.0	0.0	3.6427965
GSM541641.CEL	3.286842	0.0	0.020288557	3.1805854	0.52216583	0.0	0.0	0.0	0.0	3.4046063
GSM541642.CEL	0.0	2.6657577	3.835056	0.25669944	1.8826909	0.0	0.0	0.0	0.01931566	2.0320168
GSM541643.CEL	0.0	3.8073506	3.634937	0.080998	1.6635983	0.0	0.0	0.0	0.10737103	1.3764584
GSM541644.CEL	0.0	3.0102472	2.3916469	0.18691152	2.8512836	0.0	0.0	0.0	0.0	3.558467
GSM541645.CEL	0.0	3.7024245	2.731338	0.008069873	3.1397023	0.0	0.0	0.0	0.18170834	3.5810409
GSM541646.CEL	0.0	2.5067744	0.8980959	0.0	0.38949704	0.33531663	0.0	1.866813	0.0	0.30120835
GSM541647.CEL	0.0	2.9727855	0.72248715	0.0	0.14313537	0.55708647	0.0	2.229791	0.0	0.23232117
GSM541648.CEL	0.0	1.1292629	5.6716914	0.26441497	0.0	0.0	1.8565099	0.0	0.0	0.024200931
GSM541649.CEL	0.0	1.042506	5.712301	0.16578898	0.0	0.0	2.1904466	0.0	0.0	0.0
GSM546244.CEL	5.492137	0.0	0.41515702	3.256441	0.0	0.0	0.0	0.0	0.0	0.43053645
GSM546245.CEL	5.4302015	0.0	0.3223964	3.4879103	0.0	0.0	0.0	0.0	0.0	0.90441304
GSM546246.CEL	5.3755884	0.0	0.13936993	3.0501418	0.0	0.0	0.0	0.0	0.0	0.39882624
GSM546247.CEL	5.345725	0.0	0.08015077	3.2739534	0.0	0.0	0.0	0.0	0.0	0.58632374
GSM546248.CEL	5.1320534	0.0	0.0	3.1686072	0.0	0.0	0.0	0.0	0.0	0.21765937
GSM546249.CEL	4.984603	0.0	0.45616442	3.687241	0.0	0.0	0.0	0.0	0.0	0.42404056
GSM546250.CEL	3.4638143	0.0	2.6728585	3.8137574	0.31431958	0.0	1.1814573	0.0	0.0	0.1482073
GSM546251.CEL	3.46671	0.0	2.0236728	3.8441415	0.30500096	0.0	0.81953496	0.0	0.0	0.20077682
GSM546252.CEL	4.5162115	0.0	0.92819375	4.270892	0.0	0.0	0.06048909	0.0	0.0	0.3517732
GSM546253.CEL	4.59515	0.0	0.44152611	3.6018944	0.0	0.0	0.0	0.0	0.0	0.23113242
GSM546254.CEL	5.5843525	0.0	0.0	3.7802095	0.0	0.0	0.25537682	0.0	0.0	1.0618451
GSM546255.CEL	4.651388	0.0	0.0	2.3346548	0.13101172	0.0	0.0	0.0	0.0	1.2427126
GSM546256.CEL	2.1953182	0.0	0.8811479	4.346172	0.0	0.0	3.5507596	0.0	0.0	0.7930425
GSM546257.CEL	3.1372995	0.0	0.095509395	4.337649	0.0	0.0	1.2430332	0.0	0.0	0.58549297
GSM546258.CEL	3.1005354	0.0	0.8377873	4.8044515	0.0	0.0	3.1049552	0.0	0.0	0.7956996
GSM546259.CEL	3.0135362	0.0	0.052624196	4.092065	0.032863498	0.0	1.350951	0.0	0.0	0.23693864
GSM546260.CEL	3.4138994	0.0	0.0	5.0167212	0.0	0.0	1.5680907	0.0	0.0	1.1073893
GSM546261.CEL	2.8914754	0.0	0.0	4.0129867	0.083207965	0.0	0.9791148	0.0	0.0	0.4719867
GSM546262.CEL	1.7426653	0.0	0.0	5.5205717	0.0	0.0	2.7879157	0.0	0.0	0.5880393
GSM546263.CEL	1.4839252	0.0	0.0	3.9886246	0.8227484	0.0	1.3480232	0.0	0.0	0.0
GSM546264.CEL	1.7153239	0.0	0.0	4.753676	0.0	0.0	1.3067081	0.0	0.0	0.060399503
GSM546265.CEL	2.0033412	0.0	0.0	5.48261	0.0	0.0	1.740777	0.0	0.0	0.29100853
GSM546266.CEL	1.1329548	0.0	0.5176381	4.5502424	0.0	0.0	4.152809	0.0	0.0	0.13335446
GSM546267.CEL	2.4253294	0.0	0.0	4.3957496	0.012650669	0.0	1.3205264	0.0	0.0	0.23024404
GSM546268.CEL	3.2342746	0.0	0.16415606	2.6480746	0.1970979	0.0	0.0	0.0	0.0	1.192707
GSM546269.CEL	4.574648	0.0	0.36407956	3.531682	0.0	0.0	0.0	0.0	0.0	2.81712
GSM546270.CEL	3.5560439	0.0	0.0	1.6100507	0.5346187	0.14303929	0.0	0.0	1.138375	0.0026462376
GSM546271.CEL	3.2323046	0.0	1.0081456	2.6612597	0.4422651	0.0	0.0	0.0	0.12002784	1.453646
GSM546272.CEL	3.7668395	0.0	0.0	3.816557	0.33736348	0.0	0.24788189	0.0	0.0	0.8594765
GSM546273.CEL	4.39079	0.0	0.0	3.852281	0.11539513	0.0	0.08560175	0.0	0.0	1.0892607
GSM546274.CEL	2.8171535	0.0	0.4901607	5.3114758	0.38504058	0.0	1.8302152	0.0	0.0	0.23530105
GSM546275.CEL	2.4275298	0.0	0.0	4.427203	0.37806198	0.0	1.3009677	0.0	0.0	0.0
GSM546276.CEL	1.7551721	0.0	0.2955752	4.5184135	0.8041222	0.0	2.093904	0.0	0.0	0.0
GSM546277.CEL	1.6333617	0.0	0.22620545	4.6859684	0.501067	0.0	2.0614865	0.0	0.0	0.0
GSM546278.CEL	5.4791107	0.0	1.8145719	4.4447913	0.0	0.0	0.0	0.0	0.0	0.5188739
GSM546279.CEL	5.0497684	0.0	1.2348554	4.1264195	0.0	0.0	0.0	0.0	0.0	0.9933441
GSM546280.CEL	3.0166354	0.0	0.0	0.0	0.0	0.0	0.0	0.0	1.5841244	5.3886943
GSM546281.CEL	5.3296413	0.0	0.0	1.0237007	0.0	0.0	0.5008246	0.0	0.0	4.1703672
GSM551147.CEL	0.0	3.3542137	0.0	0.0	0.0	0.0	0.0	2.2472875	0.0	0.0
GSM551148.CEL	0.0	0.61579275	0.0	0.0	0.0	0.0	0.0	1.0416206	0.074897766	0.13507152
GSM551149.CEL	0.0	2.495947	0.0	0.0	0.0	0.0	0.3468017	0.70594615	0.07830298	0.0
GSM551150.CEL	0.22147998	2.4210286	0.0	0.0	0.0	0.2681197	0.0	3.4823956	0.0	0.0
GSM551151.CEL	0.0	0.66544056	0.0	0.0	0.0	0.0	0.0	2.0087032	0.0	0.0
GSM551152.CEL	0.14197707	1.6406544	0.0	0.0	0.0	0.0	0.0	2.983394	0.0	0.0
GSM560754.CEL	0.0	0.50849056	2.0416288	0.0	0.0	0.0	0.09270218	0.7288032	0.13381052	0.1315971
GSM560755.CEL	0.6336758	0.0	1.0390494	0.0	0.53608674	0.0	0.227393	0.0	0.6105884	2.941266
GSM560756.CEL	0.0	0.0	0.90364766	0.0	0.1833722	0.0	0.0	1.5182447	0.19452947	0.0
GSM560757.CEL	0.0	2.1454763	1.177688	0.0	0.0	0.0	0.0	2.4006689	0.0	0.0
GSM560758.CEL	0.0	1.0569267	1.4342537	0.0	0.0	0.0	0.0	2.5610495	0.0	0.0
GSM560759.CEL	0.02545932	1.8125186	0.81412274	0.0	0.0	0.0	0.0	2.6264634	0.0	0.0
GSM562109_PAK_GI_colonization_2_6-9-04.CEL	0.6639728	0.0	0.0	1.8210163	0.47408724	0.0	0.0	0.0	0.0	2.3512864
GSM562110_PAK_GI_colonization_4_6-9-04.CEL	1.3182744	0.0	0.0	1.4284055	0.16330427	0.02639842	0.0	0.0	0.0	1.961469
GSM562111_PAK_GI_colonization_5-12-04.CEL	0.6944334	0.0	0.0	1.9798533	0.31538898	0.0	0.0	0.0	0.0	2.4217472
GSM562112_Koh_PAK_H2O_1.CEL	0.0	5.71888	0.0	0.20115942	0.0	0.4846893	0.43519765	0.0	0.0	0.0
GSM562113_Koh_PAK_H2O_2.CEL	0.0	4.3422155	0.0	1.9900419	1.3457322	0.1849217	0.0	0.0	0.0	0.0
GSM562114_Koh_PAK_H2O_3.CEL	0.0	4.6686006	0.0149155855	2.2016625	1.3165829	0.20448287	0.102945894	0.0	0.0	0.0
GSM567541.CEL	1.4074515	0.0	3.2564476	2.7921572	0.0	0.0	3.8935251	0.0	1.9105327	5.6773906
GSM567542.CEL	0.0	1.0661219	4.078424	0.32471353	0.0	0.0	6.265133	0.0	0.75206804	2.3869133
GSM567543.CEL	1.3632464	0.0	3.1847293	2.8326273	0.0	0.0	3.7844157	0.0	1.8063555	5.8001165
GSM567544.CEL	0.0	1.095122	4.2348294	0.36119032	0.0	0.0	6.5590205	0.0	0.8593363	2.52251
GSM567666.CEL	0.0	2.1207695	0.24544032	0.0754827	0.0	4.7308936	0.0	0.011849955	0.0	0.0
GSM567667.CEL	0.0	1.9841113	0.5813712	0.21203563	0.0	5.0488906	0.0	0.0	0.0	0.0
GSM567668.CEL	0.0	0.0	0.0	0.4221983	0.0	5.120942	0.0	1.7265826	0.0	0.0
GSM567669.CEL	0.0	0.0	0.0	0.46884435	0.0	4.9217844	0.0	1.4056969	0.0	0.0
GSM567670.CEL	1.0815101	0.0	0.0	0.59458035	0.0	5.025581	0.0	0.77663577	0.0	0.0
GSM567671.CEL	0.9984613	0.0	0.0	0.41859764	0.0	5.017042	0.0	1.3701295	0.0	0.0
GSM567672.CEL	0.0	0.0	0.027381778	0.39333528	0.0	6.2115426	0.0	3.9084864	0.0	0.0
GSM567673.CEL	0.0	0.0	0.0	0.41610992	0.0	6.0477695	0.0	3.4435725	0.0	0.0
GSM567674.CEL	0.0039202273	0.07345339	0.0	0.5874823	0.0	6.350887	0.0	0.0	0.0	0.0
GSM567675.CEL	0.12072625	0.2412356	0.0	0.6093866	0.0	6.227595	0.0	0.0	0.0	0.0
GSM567676.CEL	0.0	3.2873592	1.803565	0.1621323	0.0	5.511476	0.0	0.0	0.0	0.0
GSM567677.CEL	0.0	3.0255823	1.8910816	0.10788846	0.0	5.4816384	0.0	0.0	0.0	0.0
GSM567678.CEL	0.0	0.0	0.0	0.2931375	0.0	5.4726486	0.0	2.5566912	0.0	0.0
GSM567679.CEL	0.03859473	0.0	0.0	0.3225712	0.0	5.4171414	0.0	2.908039	0.0	0.0
GSM567680.CEL	1.7451826	0.0	0.029791057	0.12689456	0.0	4.6557612	0.0	0.05406663	0.0	0.0
GSM567681.CEL	2.6712325	0.0	0.3035845	0.0	0.14560881	4.558154	0.0	0.0	0.0	0.0
GSM567682.CEL	0.0	0.0	0.25645548	0.073847026	0.0	5.3890276	0.0	0.008598477	0.0	0.0
GSM567683.CEL	0.0	0.0	0.24194428	0.05381286	0.0	5.515666	0.0	0.12295285	0.0	0.0
GSM567684.CEL	0.0	1.928412	0.11713295	0.06949422	0.0	6.053235	0.0	0.0	0.0	0.0
GSM567685.CEL	0.0	1.8161318	0.16401416	0.11021641	0.0	6.096561	0.0	0.0	0.0	0.0
GSM567686.CEL	0.0	3.4297957	0.85999393	0.0	0.0	5.5460443	1.3041058	0.0	0.0	0.0
GSM567687.CEL	0.0	3.1984415	0.790252	0.007660985	0.0	5.5399303	1.0910263	0.0	0.0	0.0
GSM567688.CEL	0.0	0.0	0.0	0.5351952	0.0	5.3774433	0.0	0.0	0.0	0.0
GSM567689.CEL	0.0	0.0	0.0	0.5821632	0.0	5.5737724	0.0	0.0	0.0	0.0
GSM567690.CEL	2.553592	0.0	0.0	0.44782364	0.0	5.288853	0.0	0.0	0.0	0.0
GSM567691.CEL	2.5093734	0.0	0.0	0.3832741	0.0	5.304096	0.0	0.0	0.0	0.0
GSM567692.CEL	0.0019274503	0.0	0.0	0.31409657	0.0	5.8064866	0.0	4.2072983	0.0	0.0
GSM567693.CEL	0.06640248	0.0	0.0	0.35439867	0.0	5.920766	0.0	4.875222	0.0	0.0
GSM567694.CEL	0.0	0.3018654	0.0	0.40939918	0.0	6.220383	0.0	0.0	0.0	0.0
GSM567695.CEL	0.0	0.55716455	0.0	0.4825832	0.0	6.1380124	0.0	0.0	0.0	0.0
GSM573322.CEL	0.0	2.812397	0.0	0.53223413	0.0	0.0	5.4545116	0.0	6.2213025	1.391875
GSM573323.CEL	0.0	1.7783015	0.0	0.0	0.0	0.0	5.82237	0.0	5.873559	1.0119226
GSM573324.CEL	0.0	1.415358	0.0	0.46123385	0.0	0.0	5.114135	0.0	6.326315	1.4290903
GSM573325.CEL	0.0	1.5591502	0.0	0.27621615	0.0	0.0	5.061555	0.0	5.9196033	1.1340852
GSM573326.CEL	0.0	1.3093005	0.0	0.63334954	0.0	0.0	5.06574	0.0	6.4775486	1.6076521
GSM573327.CEL	0.0	2.8217974	0.0	0.3948861	0.0	0.0	5.1166945	0.0	6.576826	1.5347114
GSM591496.CEL	0.13811335	0.0	6.18365	3.641168	0.0	0.0	0.0	0.0	0.0	4.247198
GSM591601.CEL	0.12364124	0.0	5.281583	3.1009526	0.0	0.0	0.0	0.0	0.0	3.4471822
GSM591602.CEL	0.38349855	0.0	5.6303344	3.3177495	0.0	0.0	0.1521765	0.0	0.0	2.5469832
GSM591603.CEL	0.0	0.6909806	5.773103	0.84754884	0.0	0.0	0.13370098	0.0	0.0	0.2949887
GSM591622.CEL	0.0	0.74299747	5.330986	0.43256313	0.0	0.0	0.0	0.0	0.0	0.15257928
GSM591623.CEL	0.0	0.26134217	5.82173	0.96720207	0.0	0.0	0.059713095	0.0	0.0	0.5860933
GSM591624.CEL	0.0	1.7135922	4.53328	0.49294603	0.0	0.0	0.37870198	0.6621279	0.0	0.0
GSM591625.CEL	0.0	2.0946894	4.8702154	0.24496186	0.0	0.07030721	0.404672	0.51129663	0.0	0.0
GSM591627.CEL	0.0	2.380867	4.376298	0.010868907	0.0	0.0	0.3884131	1.0146856	0.0	0.0
GSM596626.CEL	0.0	1.0603523	1.5743632	4.5907125	1.9055165	0.0	0.0	0.29178935	0.0	0.39424762
GSM596819.CEL	0.0	1.822012	2.2943287	4.8461494	2.205102	0.0	0.6614598	0.0	0.0	0.41198397
GSM597216.CEL	0.0	1.0455115	3.0577965	0.20449087	0.0	0.0	0.46623626	0.0	0.0	0.0
GSM597217.CEL	0.0	1.7195306	1.654222	0.0	0.0	0.4862398	0.0	0.936201	0.0	0.0
GSM597218.CEL	0.0	1.6431748	2.205977	0.0	0.0	0.0	0.0	1.1955597	0.0	0.0
GSM597219.CEL	0.0	0.0	5.4124584	3.024623	0.0	0.0	0.0	0.0	0.0	4.2830896
GSM597220.CEL	0.20787051	0.0	4.4224434	2.488383	0.0	0.0	0.0	0.0	0.0	3.6436796
GSM597221.CEL	1.9121597	0.0	4.2734838	4.030715	0.0	0.0	0.0	0.0	0.0	3.9350967
GSM597329.CEL	0.0	0.2786807	5.3246083	0.7457814	0.0	0.0	0.0	0.0	0.0	1.206759
GSM597330.CEL	0.0	0.65315753	6.4927425	1.9706079	0.0	0.0	0.0	0.0	0.0	2.22678
GSM597331.CEL	0.0	0.0	6.310418	2.6560454	0.0	0.0	1.4257715	0.0	0.0	0.12955013
GSM610406.CEL	0.08240184	0.0	3.971891	0.31261164	1.0308055	0.0	2.7968264	0.0	1.8863211	0.7811747
GSM610407.CEL	0.0	0.5227469	3.855565	0.31517005	1.0190578	0.0	2.896156	0.0	1.8958824	0.18752939
GSM617286.CEL	0.0	0.0	0.20362817	2.051175	0.2854483	0.0	0.0	0.0	0.0	1.6338885
GSM617287.CEL	0.0	0.0	0.48342228	2.4543567	0.0	0.0	0.73948467	0.0	0.0	1.5609051
GSM617288.CEL	0.0	0.16925746	0.0005247891	2.899126	0.14589801	0.0	0.0070230067	0.0	0.0	1.831799
GSM617289.CEL	0.0	0.0	1.7394638	2.2727544	1.0914783	0.0	0.0	0.0	0.0	1.8966417
GSM617290.CEL	0.0	0.40322298	1.9387605	1.9810038	1.1116561	0.16681942	0.0	0.0	0.0	1.3096725
GSM617291.CEL	0.0	0.41121876	1.630976	2.2096398	1.6570457	0.17292842	0.0	0.0	0.0	1.556209
GSM617292.CEL	0.0	1.1126869	0.7762789	2.2738671	0.33125567	0.17509288	0.0	0.0	0.21063423	0.86602145
GSM617293.CEL	0.0	0.0	0.88382655	2.5199454	0.0	0.0	0.24071117	0.0	0.0	1.1873796
GSM617294.CEL	0.0	0.0	0.56272066	2.6870775	0.0	0.0	0.00020563602	0.0	0.0	0.5358044
GSM617295.CEL	0.0	1.6642169	3.6409035	0.97946024	0.8816383	0.09776066	0.0	0.0	0.6226482	0.26986846
GSM617296.CEL	0.0	1.9817618	4.174868	0.9441924	1.1158962	0.0	0.021882296	0.0	1.0537956	0.89181966
GSM617297.CEL	0.0	2.6040792	4.5495424	0.20487255	1.3513153	0.016614705	0.2582625	0.0	0.6786363	0.03869839
GSM617298.CEL	0.03769868	0.0	0.0	0.53836733	0.0	0.0	0.0	6.840744	0.0	0.0
GSM617299.CEL	0.03830289	0.0	0.0	0.51785177	0.0	0.0	0.0	6.79896	0.0	0.0
GSM617300.CEL	0.043103747	0.0	0.0	0.59356356	0.0	0.0	0.0	6.729892	0.0	0.0
GSM617301.CEL	0.041837946	0.0	0.0	0.6156324	0.0	0.0	0.0	6.682585	0.0	0.0
GSM625973.CEL	0.019414604	0.0	0.0	0.6508512	0.0	0.0	0.0	6.398643	0.0	0.0
GSM625974.CEL	0.007329896	0.0	0.0	0.67247605	0.0	0.0	0.0	6.5240374	0.0	0.0
GSM625975.CEL	0.04257513	0.0	0.0	0.5884902	0.0	0.0	0.0	6.452076	0.0	0.0
GSM625976.CEL	0.029244795	0.0	0.0	0.6487072	0.0	0.0	0.0	6.1491275	0.0	0.0
GSM625977.CEL	0.033005625	0.0	0.0	0.6177367	0.0	0.0	0.0	6.486825	0.0	0.0
GSM625978.CEL	0.025546968	0.0	0.0	0.40237427	0.0	0.0	0.0	6.255954	0.0	0.0
GSM625979.CEL	0.007588148	0.0	0.0	0.38450217	0.0	0.0	0.0	6.239137	0.0	0.0
GSM625980.CEL	0.005257085	0.0	0.0	0.35603535	0.0	0.0	0.0	6.0317283	0.0	0.0
GSM625981.CEL	0.17505156	0.0	0.0	0.42034692	0.0	0.09036878	0.0	6.1902847	0.0	0.0
GSM625982.CEL	0.0	0.0	0.0	1.7581472	0.0	0.0	0.0	5.200579	0.0	0.0
GSM629176.CEL	1.3845495	0.0	0.85880274	0.0	0.0	0.0	0.0	0.0	0.0	5.882223
GSM629177.CEL	2.4898329	0.0	0.0	0.0	0.0	0.0	0.0	0.0	0.0	4.805916
GSM629178.CEL	2.0973887	0.0	0.2394425	0.0	0.0	0.0	0.0	0.0	0.0	6.085223
GSM629179.CEL	1.4740013	0.0	0.2638132	0.0	0.0	0.0	0.0	0.0	0.0	4.646035
GSM637573.CEL	0.0	2.1207695	0.24544032	0.0754827	0.0	4.7308936	0.0	0.011849955	0.0	0.0
GSM637574.CEL	0.0	1.9841113	0.5813712	0.21203563	0.0	5.0488906	0.0	0.0	0.0	0.0
GSM637575.CEL	0.0	3.2873592	1.803565	0.1621323	0.0	5.511476	0.0	0.0	0.0	0.0
GSM637576.CEL	0.0	3.0255823	1.8910816	0.10788846	0.0	5.4816384	0.0	0.0	0.0	0.0
GSM637577.CEL	0.0	3.4297957	0.85999393	0.0	0.0	5.5460443	1.3041058	0.0	0.0	0.0
GSM637578.CEL	0.0	3.1984415	0.790252	0.007660985	0.0	5.5399303	1.0910263	0.0	0.0	0.0
GSM637579.CEL	0.0	2.7008753	0.7405094	0.7339128	0.0	5.2109885	0.17990042	0.0	0.0	0.0
GSM637580.CEL	0.0	2.4451823	0.5324966	0.4030854	0.0	5.584476	0.0	0.1067121	0.0	0.0
GSM637581.CEL	0.0	1.8095388	1.9824743	0.5779814	0.0	5.139204	0.25416148	0.0	0.0	0.0
GSM637582.CEL	0.0	1.8123513	1.8148415	0.36276627	0.0	5.2097635	0.10680677	0.045342535	0.0	0.0
GSM637583.CEL	0.0	0.0	0.0	0.4221983	0.0	5.120942	0.0	1.7265826	0.0	0.0
GSM637584.CEL	0.0	0.0	0.0	0.46884435	0.0	4.9217844	0.0	1.4056969	0.0	0.0
GSM637585.CEL	0.0	0.0	0.0	0.2931375	0.0	5.4726486	0.0	2.5566912	0.0	0.0
GSM637586.CEL	0.03859473	0.0	0.0	0.3225712	0.0	5.4171414	0.0	2.908039	0.0	0.0
GSM637587.CEL	0.0	0.0	0.0	0.5351952	0.0	5.3774433	0.0	0.0	0.0	0.0
GSM637588.CEL	0.0	0.0	0.0	0.5821632	0.0	5.5737724	0.0	0.0	0.0	0.0
GSM637589.CEL	0.0	0.0	0.0	3.7609072	0.0	5.638565	0.0	0.0	0.0	0.0
GSM637590.CEL	0.0	0.0	0.0	3.7545433	0.0	5.667005	0.0	0.0	0.0	0.0
GSM637591.CEL	0.0	0.0	0.0	4.0302	0.0	5.121727	0.0	0.0	0.0	0.0
GSM637592.CEL	0.0	0.0	0.016948134	4.1476164	0.0	5.0125604	0.0	0.0	0.0	0.0
GSM637593.CEL	0.0	0.0	0.0	0.41610992	0.0	6.0477695	0.0	3.4435725	0.0	0.0
GSM637594.CEL	0.0	0.0	0.027381778	0.39333528	0.0	6.2115426	0.0	3.9084864	0.0	0.0
GSM637595.CEL	0.0	0.0	0.25645548	0.073847026	0.0	5.3890276	0.0	0.008598477	0.0	0.0
GSM637596.CEL	0.0	0.0	0.24194428	0.05381286	0.0	5.515666	0.0	0.12295285	0.0	0.0
GSM637597.CEL	0.06640248	0.0	0.0	0.35439867	0.0	5.920766	0.0	4.875222	0.0	0.0
GSM637598.CEL	0.0019274503	0.0	0.0	0.31409657	0.0	5.8064866	0.0	4.2072983	0.0	0.0
GSM641845.CEL	4.82537	0.0	0.0	0.0	0.0	0.0	0.0	0.0	0.0	3.3009205
GSM641846.CEL	5.4526424	0.0	0.0	0.0	0.0	0.0	0.0	0.0	0.0	3.0356336
GSM641847.CEL	4.8598003	0.0	0.0	0.05670792	0.0	0.0	0.0	0.0	0.0	3.0950608
GSM641848.CEL	5.0245247	0.0	0.0	0.029367745	0.0	0.0	0.0	0.0	0.0	3.1362376
GSM641849.CEL	5.3923407	0.0	0.22113398	0.117990494	0.0	0.0	0.0	0.0	0.0	4.0156293
GSM663161_03_mix_1wP_Pae_5-10-07_S2.CEL	3.0674353	0.0	0.0	0.0	0.0	0.0	0.0	0.0	0.0	4.5972157
GSM663162_Pae-Mix-1_5-22-07_S2.CEL	0.079242356	0.0	0.8529566	0.0	0.0	0.0	0.0	0.0	0.0	5.8849807
GSM663163_04_Pae_5-10-07_S2.CEL	2.4284177	0.0	0.59381974	0.13444313	0.0	0.0	0.0	0.0	0.0	6.615594
GSM663164_Pae_5-22-07_S2.CEL	0.39807582	0.0	1.5326807	0.0	0.0	0.0	0.0	0.0	0.0	4.9831886
GSM663168_BM-Mix-Pa_1_6-6-08_s1.CEL	0.0	0.0	0.0	0.0	0.0	0.0	5.504872	0.0	0.99601465	3.462253
GSM663169_BM-Mix-Pa_2_6-6-08_s1.CEL	0.0	0.0	0.0	0.0	0.0	0.0	5.371506	0.0	0.75058144	3.001254
GSM663170_Pa_label_cDNA_5-13-08_s2.CEL	0.80145204	0.0	0.0	0.0	0.27845818	0.0	2.960262	0.0	1.5927615	3.755229
GSM685447.CEL	0.0	0.0	1.5602243	0.19531205	0.0	5.203265	0.0	0.0	0.20114678	0.0
GSM685448.CEL	0.0	0.0	2.0515907	0.2523894	0.0	5.1738253	0.0	0.0	0.6693375	0.0
GSM685449.CEL	0.0	0.0	3.3166482	0.0	0.0	4.7104435	0.0	0.0	0.0	0.0
GSM685450.CEL	0.0	0.0	3.5648944	0.033114076	0.0	4.718791	0.0	0.0	0.0	0.0
GSM698080.CEL	0.9855852	0.0	1.0695548	0.0	0.0	0.042888418	0.0	0.0	0.8773862	2.1967936
GSM698081.CEL	0.8338336	0.0	1.7375724	0.0	0.0	0.0	0.0	0.0	1.605381	3.237391
GSM711446.CEL	0.0	5.015097	2.8356037	0.0	2.155712	0.0	0.0	0.0	5.664195	3.864718
GSM711447.CEL	0.0	5.27991	2.29043	0.0	2.0240593	0.0	0.0	0.0	5.6772814	4.1521816
GSM711448.CEL	0.0	4.2955103	2.1909864	0.0	1.6995046	0.0	0.0	0.0	6.297815	4.2115536
GSM711449.CEL	0.0	4.682178	1.8501062	0.0	1.5999515	0.0	0.0	0.0	5.9681244	3.961657
GSM711450.CEL	0.0	4.8832617	2.050116	0.0	2.4289944	0.0	0.0	0.0	5.4711614	4.9605794
GSM711451.CEL	0.0	5.0423193	1.593955	0.0	2.3842664	0.0	0.0	0.0	5.2998767	4.685854
GSM711452.CEL	0.0	5.4031706	1.868386	0.0	2.2955618	0.0	0.0	0.0	5.760605	4.952696
GSM711453.CEL	0.0	3.4341888	0.838325	0.13748273	0.061568975	0.028510094	0.0	0.0	5.5367723	6.0135517
GSM711454.CEL	0.0	3.4089313	1.1868594	0.032626867	0.0	0.0	0.0	0.0	5.6362557	5.4240327
GSM711455.CEL	0.0	3.6727238	1.0691047	0.0	0.18838134	0.10470326	0.0	0.0	5.564995	5.3754373
GSM717419.CEL	0.22207867	0.0	1.3274429	0.0	0.053370774	0.0	3.6325104	0.0	3.1068547	2.495243
GSM717420.CEL	0.0	0.0	0.27622238	0.0	0.539309	0.0	2.4248307	0.0	1.4719009	1.2700499
GSM717421.CEL	0.0	0.0	0.4061493	0.0	0.40751186	0.0	2.9232924	0.0	1.6250846	1.6335133
GSM717422.CEL	0.6808806	2.8821487	0.0	0.052478313	0.0	1.193792	0.0	3.5622306	0.0	0.0
GSM717423.CEL	0.0	0.8798227	0.13077603	0.0	0.0	0.0	0.0	3.0697546	0.18355751	0.0
GSM717424.CEL	0.56866264	1.9569875	0.0	0.07786241	0.0	1.7970903	0.0	4.8443904	0.0	0.0
GSM735748_PA14_WT.CEL	0.0	2.1948023	5.3105946	2.5487561	0.40579152	0.0	0.6127064	0.0	0.0	0.0
GSM735749_PA14_WT_adenosine.CEL	0.0	2.1649117	5.515229	2.5008664	0.22691144	0.0	1.4221766	0.0	0.0	0.0
GSM738261.CEL	0.0	4.9412513	0.223781	0.0	0.0	0.0	4.909096	0.0	0.0	0.25923863
GSM738262.CEL	0.0	5.1139646	0.20319784	0.0	0.0	0.0	5.208035	0.0	0.0	0.2620328
GSM738263.CEL	0.0	5.0419817	0.1644159	0.0	0.0	0.0	4.7919083	0.0	0.0	0.16981232
GSM738264.CEL	0.0	4.791196	0.35436362	0.0	0.0	0.0	5.0358405	0.0	0.0	0.0
GSM738265.CEL	0.0	4.6431804	0.34046313	0.0	0.0	0.0	4.7788672	0.0	0.11428565	0.0
GSM738266.CEL	0.0	4.918356	0.43152767	0.0	0.0	0.0	5.3730707	0.0	0.0	0.0
GSM740019.CEL	0.0	2.3920708	6.008254	3.354504	0.40160072	0.0	0.46803588	0.0	0.0	0.0
GSM740020.CEL	0.07048997	2.1237965	6.3116684	3.6397142	0.5924953	0.0	0.9201349	0.0	0.0	0.06413828
GSM741203.CEL	0.0	6.7627926	0.3889321	0.0	0.0	0.0	4.62192	0.0	2.8282518	0.0
GSM741204.CEL	0.0	6.954195	0.3789534	0.0	0.0	0.0	4.7299066	0.0	2.755841	0.0
GSM741205.CEL	0.0	7.2056904	0.2863443	0.0	0.0	0.0	4.198883	0.0	2.5799162	0.0
GSM741206.CEL	0.0	7.6020246	0.22940621	0.0	0.0	0.0	4.6230664	0.0	2.8407216	0.0
GSM741207.CEL	0.0	7.3339477	0.31541336	0.016643345	0.0	0.0	4.6002254	0.0	2.803086	0.0
GSM741208.CEL	0.0	7.2692866	0.382059	0.0	0.0	0.0	4.658937	0.0	2.6829603	0.0
GSM741209.CEL	0.0	8.533079	0.0	0.0	0.0	0.0	3.6618662	0.0	0.7935734	0.0
GSM741210.CEL	0.0	8.601562	0.0	0.0	0.0	0.0	3.3846529	0.0	0.7051295	0.0
GSM741211.CEL	0.0	8.200464	0.0	0.0	0.0	0.0	3.0741522	0.0	0.68859327	0.0
GSM741212.CEL	0.0	7.923631	0.0	0.0	0.0	0.0	2.872532	0.0	0.47377038	0.0
GSM741213.CEL	0.0	8.334438	0.0	0.0	0.0	0.0	3.0137525	0.0	0.46977887	0.0
GSM741214.CEL	0.0	8.400896	0.0	0.0	0.0	0.0	3.161682	0.0	0.5428121	0.0
GSM743001_PAO1-PC4-a.CEL	3.3816392	1.5122488	0.0	0.0	0.0	1.6784017	0.0	1.8031847	0.0	0.7583625
GSM743002_PAO1-PC4-b.CEL	3.7636435	1.8337857	0.0	0.0	0.0	1.7835743	0.0	2.3416505	0.0	0.040755004
GSM743003_PAO1-PC4-c.CEL	4.4457855	1.3878673	0.0	0.0	0.0	2.0977612	0.0	2.0334663	0.0	0.14486805
GSM743004_PAO1-PC24-a.CEL	5.0345373	1.973622	0.0	0.0	0.0	2.2991514	0.0	2.774431	0.0	0.0
GSM743005_PAO1-PC24-b.CEL	5.0588827	2.1439142	0.0	0.0	0.0	2.279721	0.0	2.7187147	0.0	0.0
GSM743006_PAO1-PC24-c.CEL	4.8892965	2.0418506	0.0	0.0	0.0	2.41465	0.0	2.4317732	0.0	0.0
GSM743007_PAO1-SC24-a.CEL	4.0614433	2.6954908	0.0	0.0	0.0	2.2679405	0.0	3.3610754	0.0	0.0
GSM743008_PAO1-SC24-b.CEL	3.130988	2.956419	0.0	0.014264107	0.0	2.5579104	0.0	4.862424	0.0	0.0
GSM743009_PAO1-SC24-c.CEL	3.7723053	2.5328417	0.0	0.0	0.0	2.2809324	0.0	3.0057597	0.0	0.0
GSM767700.CEL	0.0	4.872994	0.0	0.0	0.0	0.0	5.8368816	0.0	0.0	0.9356246
GSM767701.CEL	0.0	4.624018	0.0	0.0	0.0	0.0	5.509765	0.0	0.0	0.95268166
GSM767702.CEL	0.0	5.1968846	0.0	0.0	0.0	0.0	5.3284354	0.0	0.0	0.92730063
GSM767703.CEL	0.0	4.349516	0.13844216	0.0	3.7607675	0.0	6.7150507	0.0	0.0	0.0
GSM767704.CEL	0.0	4.6093955	0.18384859	0.0	3.793412	0.0	6.953356	0.0	0.0	0.0
GSM767705.CEL	0.0	4.003657	0.20914134	0.0	3.9932394	0.0	6.4643598	0.0	0.0	0.0
GSM774085_CF30-1979a.CEL	0.120098576	0.0	0.0	4.6991253	0.0	0.25421488	0.0	0.0	0.0	0.0
GSM774086_CF30-1979b.CEL	0.7439782	0.0	0.0	6.5367475	0.0	0.0	0.0	0.0	0.0	0.0
GSM774087_CF30-1979c.CEL	0.6853955	0.0	0.0	6.7587276	0.0	0.0	0.0	0.0	0.0	0.0
GSM774088_CF43-1973a.CEL	3.769512	0.0	0.0	4.7004976	0.0	0.0	0.0	0.0	0.0	0.22116478
GSM774089_CF43-1973b.CEL	3.953227	0.0	0.0	4.5212812	0.0	0.0	0.0	0.0	0.0	0.18765405
GSM774090_CF43-1973c.CEL	4.1777983	0.0	0.0	4.5022354	0.0	0.0	0.0	0.0	0.0	0.38710445
GSM774091_CF66-1973a.CEL	2.2582617	0.0	0.0	5.8875895	0.0	0.0	0.0	0.0	0.0	0.0
GSM774092_CF66-1973b.CEL	1.7304317	0.0	0.0	5.8855567	0.0	0.0	0.0	0.0	0.0	0.0
GSM774093_CF66-1973c.CEL	2.0037766	0.0	0.0	5.8767514	0.0	0.0	0.0	0.0	0.0	0.0
GSM774094_CF66-1992a.CEL	0.0	0.0	0.0	5.8900824	0.0	0.0	0.0	0.0	0.0	0.0
GSM774095_CF66-1992b.CEL	0.13567175	0.0	0.0	6.40497	0.0	0.0	0.0	0.0	0.0	0.0
GSM774096_CF66-1992c.CEL	0.0	0.0	0.0	6.2413244	0.0	0.0	0.0	0.0	0.0	0.0
GSM774097_CF66-2008a.CEL	0.0	0.0	0.0	6.609791	0.0	0.0	0.40004697	0.0	0.0	0.0
GSM774098_CF66-2008b.CEL	0.0	0.0	0.0	6.6800313	0.0	0.0	0.19626841	0.0	0.0	0.0
GSM774099_CF66-2008c.CEL	0.0	0.0	0.0	6.129093	0.0	0.0	0.0	0.0	0.0	0.0
GSM774100_CF105-1973a.CEL	4.660493	0.0	0.0	4.4532986	0.0	0.0	0.0	0.0	0.0	0.2192607
GSM774101_CF105-1973b.CEL	4.500592	0.0	0.0	3.8942666	0.0	0.0	0.0	0.0	0.0	0.026220798
GSM774102_CF105-1973c.CEL	4.466614	0.0	0.0	3.9254694	0.0	0.0	0.0	0.0	0.0	0.033229604
GSM774103_CF114-1973a.CEL	4.8896265	0.0	0.04071507	3.0555282	0.0	0.0	0.0	0.0	0.0	0.3189296
GSM774104_CF114-1973b.CEL	5.16638	0.0	0.0	2.9174767	0.0	0.0	0.0	0.0	0.0	0.29914612
GSM774105_CF114-1973c.CEL	5.1452866	0.0	0.26665804	3.1855888	0.0	0.0	0.0	0.0	0.0	0.45509267
GSM774106_CF173-1984a.CEL	0.11032651	0.0	0.0	5.842667	0.0	0.0	0.0	0.0	0.0	0.0
GSM774107_CF173-1984b.CEL	0.32514656	0.0	0.0	6.2699094	0.0	0.0	0.04609157	0.0	0.0	0.0
GSM774108_CF173-1984c.CEL	0.0	0.0	0.0	5.8043733	0.0	0.0	0.0	0.0	0.0	0.0
GSM774109_CF173-2002a.CEL	0.11292805	0.56683934	0.0	3.2936583	0.0	1.0913777	0.0	1.3643745	0.0	0.0
GSM774110_CF173-2002b.CEL	0.2708258	0.45914096	0.0	3.568243	0.0	1.4097261	0.0	1.0536245	0.0	0.0
GSM774111_CF173-2002c.CEL	0.0	0.0	0.0	4.8623705	0.0	0.40289524	0.363421	0.0	0.0	0.0
GSM774112_CF173-2005a.CEL	0.048776805	0.0	0.15064609	6.9103866	0.0	0.0	0.62275684	0.0	0.0	0.0
GSM774113_CF173-2005b.CEL	0.0	0.0	0.0	5.8317986	0.0	0.0	0.0	0.0	0.0	0.0
GSM774114_CF173-2005c.CEL	0.0	0.0	0.0	5.318763	0.0	0.0	0.0	0.0	0.0	0.0
GSM774115_CF243-2002a.CEL	0.0	0.0	0.09029797	5.2341733	0.0	0.0	0.0	0.0	0.0	0.0
GSM774116_CF243-2002b.CEL	0.0	0.0	0.19482799	5.7205515	0.0	0.0	0.0	0.0	0.0	0.0
GSM774117_CF243-2002c.CEL	0.0	0.3867254	0.0	3.5039487	0.0	0.41652668	0.0	1.5694859	0.0	0.0
GSM774118_CF333-1991a.CEL	0.13842073	0.0	0.0	6.7328424	0.0	0.0	0.0	0.0	0.0	0.0
GSM774119_CF333-1991b.CEL	0.43513778	0.0	0.0	6.9990573	0.0	0.0	0.0	0.0	0.0	0.009551153
GSM774120_CF333-1991c.CEL	0.08536831	0.0	0.0	6.513231	0.0	0.0	0.0	0.0	0.0	0.0
GSM774121_CF333-1997a.CEL	0.097193345	0.0	0.0	6.8381433	0.0	0.0	0.0	0.0	0.0	0.0
GSM774122_CF333-1997b.CEL	0.21702893	0.0	0.0	6.9416304	0.0	0.0	0.0	0.0	0.0	0.0
GSM774123_CF333-1997c.CEL	0.11650731	0.0	0.0	6.089728	0.0	0.0	0.0	0.0	0.0	0.0
GSM774124_CF333-2003a.CEL	0.035080038	0.0	0.0	7.315933	0.0	0.0	0.0	0.0	0.0	0.0
GSM774125_CF333-2003b.CEL	0.0	0.0	0.0	7.25469	0.0	0.0	0.0	0.0	0.0	0.0
GSM774126_CF333-2003c.CEL	0.0	0.0	0.0	6.9077997	0.0	0.0	0.26592258	0.0	0.0	0.0
GSM774127_CF333-2005a.CEL	0.0	0.0	0.0	5.824039	0.0	0.0	0.0	0.0	0.0	0.0
GSM774128_CF333-2005b.CEL	0.0	0.0	0.0	6.228188	0.0	0.0	0.0	0.0	0.0	0.0
GSM774129_CF333-2005c.CEL	0.0	0.0	0.0325118	5.6352887	0.0	0.0	0.24830371	0.0	0.0	0.0
GSM774130_CF333-2007a.CEL	0.0	0.0	0.0	7.0176473	0.0	0.0	0.012291789	0.0	0.0	0.0
GSM774131_CF333-2007b.CEL	0.0	0.0	0.0	6.482713	0.0	0.0	0.0	0.0	0.0	0.0
GSM774132_CF333-2007c.CEL	0.0	0.0	0.0	4.959977	0.0	0.0	0.0	0.0	0.0	0.0
GSM774133_B6-0_1.CEL	5.5142946	0.0	0.0	1.9745533	0.0	0.0	0.0	0.0	0.0	3.0857735
GSM774134_B6-0_2.CEL	4.768818	0.0	0.0	0.78260493	0.0	0.048634186	0.0	0.0	0.0	1.4983563
GSM774135_B6-0_3.CEL	5.53032	0.0	0.0	1.8372134	0.0	0.0	0.0	0.0	0.0	3.0769658
GSM774136_B6-4_1.CEL	5.2597666	0.0	0.0	1.4795376	0.0	0.0	0.0	0.0	0.0	2.1569886
GSM774137_B6-4_2.CEL	4.9843025	0.0	0.0	1.254156	0.0	0.0	0.0	0.0	0.0	2.2450566
GSM774138_B6-4_3.CEL	5.6102743	0.0	0.0	1.562707	0.0	0.0	0.0	0.0	0.0	3.1445465
GSM774139_B12-0_1.CEL	4.610629	0.0	0.0	3.2678356	0.0	0.0	0.0	0.0	0.0	0.7108543
GSM774140_B12-0_2.CEL	4.571204	0.0	0.0	3.1207328	0.0	0.0	0.0	0.0	0.0	0.8159045
GSM774141_B12-0_3.CEL	4.4387712	0.0	0.0	3.2479439	0.0	0.0	0.0	0.0	0.0	0.7666906
GSM774142_B12-4_1.CEL	4.761035	0.0	0.0	3.5348492	0.0	0.0	0.0	0.0	0.0	1.0992345
GSM774143_B12-4_2.CEL	4.7859116	0.0	0.0	3.451099	0.0	0.0	0.0	0.0	0.0	1.2510544
GSM774144_B12-4_3.CEL	4.880163	0.0	0.0	3.455553	0.0	0.0	0.0	0.0	0.0	1.125879
GSM774145_B12-7_1.CEL	4.396347	0.0	0.0	2.572092	0.0	0.1102373	0.0	0.0	0.0	0.0
GSM774146_B12-7_2.CEL	4.434847	0.0	0.0	2.649929	0.0	0.15153843	0.0	0.0	0.0	0.0
GSM774147_B12-7_3.CEL	4.625618	0.0	0.0	2.9497533	0.0	0.0	0.0	0.0	0.0	0.56180465
GSM774148_B38-1_1.CEL	4.7539234	0.0	0.60577595	3.2292056	0.0	0.0	0.0	0.0	0.0	1.3679739
GSM774149_B38-1_2.CEL	5.019808	0.0	0.65376186	3.0668936	0.0	0.0	0.0	0.0	0.0	1.3470324
GSM774150_B38-1_3.CEL	5.009886	0.0	0.611817	3.1072135	0.0	0.0	0.0	0.0	0.0	1.3462923
GSM774151_B38-2M_1.CEL	1.9273899	0.0	1.7119243	5.1133213	0.24741219	0.0	1.6860678	0.0	0.0	0.0
GSM774152_B38-2M_2.CEL	1.6796114	0.0	1.5089254	4.835971	0.2218557	0.0	1.6756577	0.0	0.0	0.0
GSM774153_B38-2M_3.CEL	1.809397	0.0	1.5322318	4.926347	0.24540347	0.0	1.689826	0.0	0.0	0.0
GSM774154_B38-2NM_1.CEL	4.4300528	0.0	0.8950586	3.4052553	0.0	0.0	0.0	0.0	0.0	0.9968983
GSM774155_B38-2NM_2.CEL	4.3016977	0.0	1.0323261	3.5174751	0.0	0.0	0.0	0.0	0.0	0.82747453
GSM774156_B38-2NM_3.CEL	4.367996	0.0	1.2340508	3.6148272	0.0	0.0	0.0	0.0	0.0	0.86635375
GSM774157_B38-6M_1.CEL	1.7992141	0.0	1.3587973	4.8218927	0.18812087	0.0	1.6114473	0.0	0.0	0.0
GSM774158_B38-6M_2.CEL	1.6374271	0.0	1.3821974	4.7400084	0.15065834	0.0	1.708147	0.0	0.0	0.0
GSM774159_B38-6M_3.CEL	1.633094	0.0	1.5276549	4.7096863	0.23620602	0.0	1.8483217	0.0	0.0	0.0
GSM774160_PAO1a.CEL	5.768179	0.0	0.0	0.07899085	0.0	0.0	0.0	0.0	0.0	3.4899406
GSM774161_PAO1b.CEL	5.7199106	0.0	0.0	0.0	0.0	0.0	0.0	0.0	0.0	3.113595
GSM774162_PAO1c.CEL	5.920706	0.0	0.0	0.0	0.0	0.0	0.0	0.0	0.0	3.1423006
GSM794226_A27.CEL	0.5576438	0.6597446	2.0053663	2.8820252	1.048234	0.06519915	0.0	0.0	0.30457813	0.596328
GSM794227_A28.CEL	0.66510946	0.9706999	2.2139814	3.5137992	1.3344046	0.042062685	0.31234908	0.0	0.3907186	0.74880856
GSM794228_A29.CEL	0.0	4.9273334	0.42924958	0.27219388	0.0	0.9624313	0.0	1.2303561	0.0	0.0
GSM794229_A30.CEL	0.0	0.0	0.5190627	0.95619255	0.0	0.0	0.0	5.1928396	0.0	0.0
GSM794230_A31.CEL	0.0	0.0	0.31907073	0.74333096	0.0	0.0	0.0	6.641887	0.0	0.0
GSM794231_A32.CEL	0.022105455	0.0	0.24055421	0.8391885	0.0	0.0	0.0	5.576087	0.0	0.0
GSM821084_HZI0139_Pae_G1a.CEL	0.0	4.0613427	2.8453004	0.09525341	0.0	0.0	4.90982	0.0	0.0	0.0
GSM821085_HZI0140_Pae_G1a.CEL	0.0	4.3473377	2.8188033	0.0	0.0	0.0	4.618721	0.0	0.0	0.0
GSM821086_HZI0141_Pae_G1a.CEL	0.0	4.5432596	2.9863446	0.16851777	0.0	0.0	5.128233	0.0	0.24390167	0.0
GSM821087_HZI0142_Pae_G1a.CEL	0.0	4.6135726	2.0593767	0.0	0.0	0.0	4.2308273	0.0	0.0	0.0
GSM821088_HZI0143_Pae_G1a.CEL	0.0	3.4613614	2.609821	0.0	0.58498204	0.0	5.33491	0.0	0.53953636	0.0
GSM821089_HZI0144_Pae_G1a.CEL	0.0	3.9485846	2.5090635	0.0	0.70294017	0.0	5.5920677	0.0	0.1260243	0.0
GSM821090_HZI0145_Pae_G1a.CEL	0.0	0.18498813	0.020201534	0.10389876	0.0	0.0	0.0	1.0902888	1.314944	0.0
GSM821091_HZI0146_Pae_G1a.CEL	0.21425284	0.4291711	0.13847098	0.0	0.0	0.0	0.0602466	0.0	3.6817589	0.16935232
GSM821092_HZI0148_Pae_G1a.CEL	2.1840036	0.3927401	0.0	0.0	1.6251972	0.10847017	0.0	0.0	1.3431609	2.2138772
GSM821093_HZI0149_Pae_G1a.CEL	0.3693509	0.0	0.0	0.14133674	0.32202226	0.0	0.0	1.9377031	0.22264653	0.19236322
GSM821094_HZI0147_Pae_G1a.CEL	0.09058826	0.27839395	0.0	0.24067396	0.27712527	0.0	0.0	0.0	3.2401764	0.24630582
GSM821095_HZI0150_Pae_G1a.CEL	1.7377002	0.0	0.0	0.10933682	1.5261399	0.0	0.098016605	0.0	1.0546747	2.118757
GSM821495.CEL	0.0	0.0	4.559494	0.0	0.0	0.0	4.878954	0.0	0.10138786	0.0
GSM821496.CEL	0.0	0.0	4.699513	0.0	0.0	0.0	5.3842545	0.0	0.0	0.0
GSM821497.CEL	0.0	0.0	4.5902047	0.0	0.0	0.0	5.246754	0.0	0.12701768	0.0
GSM821498.CEL	0.0017337948	0.0	3.911737	0.0	0.0	0.0	3.9995162	0.0	0.3371184	1.9177766
GSM821499.CEL	0.0	0.0	4.734306	0.0	0.0	0.0	5.1133394	0.0	0.0	0.0
GSM821500.CEL	0.0	0.0	4.8045115	0.0	0.0	0.0	5.7933426	0.0	0.0	0.0
GSM821501.CEL	0.0	0.0	1.9177961	0.0	0.0	0.0	6.067095	0.0	0.0	1.7929425
GSM821502.CEL	0.0	0.0	2.2774773	0.0	0.0	0.0	5.804678	0.0	0.0	1.187622
GSM821503.CEL	0.0	0.0	1.6648538	0.0	0.0	0.0	5.171931	0.0	0.0	1.7383817
GSM821504.CEL	0.21392861	0.0	2.5210533	0.74562055	0.0	0.0	4.755383	0.0	0.0	3.2112756
GSM821505.CEL	0.30936623	0.0	2.5907772	0.8396094	0.0	0.0	4.7458506	0.0	0.0	3.3227735
GSM821506.CEL	0.28274173	0.0	2.426195	0.8475834	0.0	0.0	4.748069	0.0	0.0	3.53403
GSM822689_wtBSM_A.CEL	0.0	0.0	1.1975137	0.0	0.023548812	0.0	0.16062473	0.0	5.474462	2.3622375
GSM822690_wtBSM_B.CEL	0.0	0.0	1.2186518	0.0	0.3743301	0.0	0.073164746	0.0	5.2459393	1.5892658
GSM822691_delta_crcBSM_A.CEL	0.0	0.0	0.5001558	0.0	0.0	0.0	0.8226805	0.0	4.4869432	2.9201431
GSM822692_delta_crcBSM_B.CEL	0.0	0.0	0.60138494	0.0	0.17623737	0.0	0.5996429	0.0	4.2788024	1.9795328
GSM822693_delta_cbrBBSM_A.CEL	0.0	0.0	0.57384515	0.0	0.0	0.0	0.0	0.0	4.049167	4.074404
GSM822694_delta_cbrBBSM_B.CEL	0.0	0.0	0.7568461	0.0	0.03159243	0.0	0.0	0.0	5.282002	3.009376
GSM822695_delta_crcZBSM_A.CEL	0.0	0.0	0.010869533	0.20460552	0.0	0.0	0.0	0.0	3.0895162	5.3605905
GSM822696_delta_crcZBSM_B.CEL	0.0	0.0	0.2736195	0.0	0.0	0.0	0.0	0.0	3.9762325	3.5041351
GSM822708_wtLB_A.CEL	0.07141831	0.0	0.0	0.0	0.045302242	0.0	0.0	0.0	0.03313601	3.1537924
GSM822709_wtLB_B.CEL	0.2513724	0.0	0.78597265	0.0	0.0	0.0	0.0	0.0	0.39307946	4.1375237
GSM822710_delta_crcLB_A.CEL	2.694153	0.0	0.0	0.0	0.0	0.0	0.0	0.0	0.0	4.517562
GSM822711_delta_crcLB_B.CEL	0.98507726	0.0	0.0	0.0	0.35845917	0.0	0.0	0.0	0.04065442	3.075924
GSM822712_delta_cbrBLB_A.CEL	0.4390407	0.0	1.1543711	0.0	0.7245428	0.0	0.42948046	0.0	1.6239493	4.650177
GSM822713_delta_cbrBLB_B.CEL	0.1025362	0.0	0.20958138	0.0	0.6438056	0.0	0.038401842	0.0	0.943868	3.5925622
GSM822714_delta_crcZLB_A.CEL	0.21762043	0.0	0.15075994	0.0	0.66806847	0.0	0.0110345185	0.0	0.54963255	3.5769114
GSM822715_delta_crcZLB_B.CEL	0.0	0.0	0.5857111	0.0	0.8067744	0.0	0.11449446	0.0	1.0244663	2.992065
GSM823341.CEL	0.0	0.0	0.0	1.0511662	0.0	0.0	0.0	4.8550906	0.0	0.0
GSM823342.CEL	0.0	0.0	0.0	0.7903147	0.0	0.0	0.0	5.3782315	0.0	0.0
GSM823343.CEL	0.0	0.0	0.0	1.3018382	0.0	0.0	0.0	4.6030183	0.0	0.0
GSM823344.CEL	0.0	4.241129	0.0	2.4717536	0.729005	0.0	0.18642345	0.0	0.0	0.0
GSM823345.CEL	0.0	0.0	0.021582305	1.8398107	0.0	0.0	0.0	2.6697564	0.0	0.0
GSM823346.CEL	0.0	1.5904713	0.082345575	1.7827069	0.0	0.0	0.6266657	1.4702283	0.0	0.0
GSM823347.CEL	0.0	0.0	0.0	2.063996	0.5517722	0.0	0.0	2.3713188	0.0	0.0
GSM823348.CEL	0.01257579	0.0	0.0	1.1634767	0.0	0.0	0.0	5.1091714	0.0	0.0
GSM838206_OXYR-LB-1_Pae_G1a.CEL	0.0	1.9413463	3.6640596	0.0	1.4154847	0.0	2.810322	0.0	2.2175307	0.0
GSM838207_OXYR-LB-2_Pae_G1a.CEL	0.0	2.3076591	3.5899673	0.0	1.3652468	0.0	2.1814823	0.0	2.1991932	0.0
GSM838208_OXYR-LB-4_Pae_G1a.CEL	0.0	2.091908	3.9771004	0.0	1.4173908	0.0	2.7869895	0.0	3.1228538	0.40164933
GSM838209_OXYR-PM-1_Pae_G1a.CEL	0.0	5.020719	2.1825478	0.0	5.8943787	0.0	1.8295784	0.0	1.8007332	0.3709588
GSM838210_OXYR-PM-3_Pae_G1a.CEL	0.0	5.225612	2.5503144	0.0	6.103526	0.0	2.5309112	0.0	1.6173513	0.0
GSM838211_OXYR-PM-4_Pae_G1a.CEL	0.0	5.427569	2.564916	0.0	5.934431	0.0	2.630628	0.0	1.4786084	0.0
GSM838212_PAO1-LB-1_Pae_G1a.CEL	0.0	2.4966846	4.2621765	0.0	1.2486289	0.0	2.8161502	0.0	2.698544	0.0
GSM838213_PAO1-LB-2_Pae_G1a.CEL	0.0	2.5761075	4.546263	0.0	1.313585	0.0	2.8702037	0.0	2.4893725	0.0
GSM838214_PAO1-LB-3_Pae_G1a.CEL	0.0	2.3425617	4.7372365	0.0	1.7054102	0.0	2.9043636	0.0	2.7651432	0.0
GSM838215_PAO1-PM-1_Pae_G1a.CEL	0.036165617	4.8247046	2.4040723	0.0	5.976444	0.0	2.4599252	0.0	1.194327	1.4519917
GSM838216_PAO1-PM-3_Pae_G1a.CEL	0.0	5.1418056	2.9120083	0.0	5.8272333	0.0	2.4156237	0.0	1.6400876	0.62813246
GSM838217_PAO1-PM-4_Pae_G1a.CEL	0.0	5.4489455	2.956615	0.0	5.972364	0.0	2.7605383	0.0	1.6352551	0.5133903
GSM838218_PAO1-5344-1_Pae_G1a.CEL	0.0	1.5897734	4.090655	0.0	1.2709497	0.0	2.2539012	0.0	2.985955	0.0
GSM838219_PAO1-5344-3_Pae_G1a.CEL	0.0	1.3925165	3.8917518	0.0	1.1650997	0.0	2.1046798	0.0	2.8645122	0.0
GSM838220_PAO1-5344-4_Pae_G1a.CEL	0.0	1.7576085	3.804603	0.0	1.0131117	0.0	1.8471949	0.0	2.8410208	0.0
GSM842839_Wright_1_WT-log-1_Pae_G1a.CEL	3.9540873	0.0	0.0	0.0	0.0	0.08677976	0.0	0.0	4.469339	0.0
GSM842840_Wright_2_WT-log-2_Pae_G1a.CEL	3.5690188	0.0	0.0	0.0	0.0	0.0880391	0.0	0.0	3.941993	0.0
GSM842841_Wright_3_WT-log-3_Pae_G1a.CEL	3.4281619	0.0	0.0	0.0	0.0	0.020032838	0.0	0.0	4.6971507	0.0
GSM842842_Wright_4_WT-stat-1_Pae_G1a.CEL	1.3744051	0.8036678	0.012937099	0.4677177	0.0	0.0	0.48533037	0.0	7.907732	0.07542643
GSM842843_Wright_5_WT-stat-2_Pae_G1a.CEL	0.25126088	0.0	0.0	0.0	0.0	0.0	0.0	1.1954979	4.0552096	0.0
GSM842844_Wright_6_WT-stat-3_Pae_G1a.CEL	0.79543173	0.6942944	0.0	0.15007454	0.0	0.0	0.16237038	0.0	6.5862494	0.0
GSM842845_Wright_7_4203-log-1_Pae_G1a.CEL	4.8921833	0.0	0.0	0.25703552	0.0	0.039144516	0.70078415	0.0	5.594981	0.5451498
GSM842846_Wright_8_4203-log-2_Pae_G1a.CEL	4.914283	0.0	0.0	0.22865573	0.012401491	0.01657027	0.65240896	0.0	5.563422	0.40037972
GSM842847_Wright_9_4203-log-3_Pae_G1a.CEL	3.9499333	0.0	0.0	0.0	0.0	0.0	0.61746633	0.0	4.719992	0.22253425
GSM842848_Wright_10_4203-stat-1_Pae_G1a.CEL	0.58246845	1.8714814	1.4023066	0.0	0.2791592	0.0	1.786025	0.0	6.2203655	0.0
GSM842849_Wright_11_4203-stat-2_Pae_G1a.CEL	0.93679327	2.2327018	1.3243473	0.0	0.31914955	0.0	1.8363848	0.0	6.693184	0.0
GSM842850_Wright_12_4203-stat-3_Pae_G1a.CEL	0.63046956	2.0966272	1.6170063	0.10680339	0.15431711	0.0	1.9731116	0.0	6.221941	0.0
GSM854792.CEL	0.0	0.0	0.0121252835	0.0	0.8502966	1.1844797	0.081475645	1.0657469	0.0	0.0
GSM854793.CEL	0.19263953	0.0	0.0	0.10650346	0.0	1.8179364	0.0	5.9271965	0.0	0.0
GSM854794.CEL	0.0	0.0	0.0	0.026471436	0.36238623	1.1905203	0.0	2.1208098	0.0	0.0
GSM854795.CEL	0.30831093	0.0	0.0	0.07350606	0.0	2.1405263	0.0	5.843492	0.0	0.0
GSM854796.CEL	0.10351731	0.0	0.0	0.05498314	0.7741942	1.1704512	0.0	0.0	0.0	0.0
GSM854797.CEL	0.30745006	0.0	0.0	0.1734694	0.0	1.9398832	0.0	6.5683336	0.0	0.0
GSM854798.CEL	0.0	0.08411666	0.0	0.0	0.61110365	1.6690357	0.0	0.5322707	0.0	0.0
GSM854799.CEL	0.45534396	0.16573416	0.0	0.12374619	0.0	2.2270055	0.0	6.958355	0.0	0.0
GSM854800.CEL	0.03445351	0.30684447	0.0	0.13144639	0.12326527	1.9162359	0.0	0.7501233	0.0	0.0
GSM854801.CEL	0.297773	0.003185019	0.0	0.13120076	0.0	2.3246014	0.0	5.3885856	0.0	0.0
GSM856031_PA01.CEL	0.22414364	2.3249226	0.46472716	0.0	0.0	0.91612977	0.0	1.8227494	0.0	0.009430438
GSM856032_PA01+V12.CEL	0.0	4.064561	1.0379792	0.0	0.0027397573	0.13796663	0.30311838	0.0	2.0209465	1.8240979
GSM864516.CEL	0.7993833	2.5883756	2.3116884	0.0	0.0	0.0	3.5469418	0.0	0.19133085	2.1889057
GSM864517.CEL	0.91250443	2.5447278	2.2745762	0.0	0.0	0.0	3.80094	0.0	0.14460284	2.099948
GSM864518.CEL	0.5157848	2.0941403	1.2096542	0.0	0.0	0.0	2.7530568	0.0	0.0	0.95957506
GSM864519.CEL	0.0	3.7628522	1.9707646	0.0	0.0	0.0	0.7408538	0.0	2.6182525	0.41500205
GSM864520.CEL	0.0	4.2767715	2.2977955	0.0	0.0	0.12603718	0.89946544	0.0	3.264879	0.6788014
GSM864521.CEL	0.0	4.448429	2.4715192	0.0	0.11378947	0.14729589	0.9368905	0.0	3.545138	0.7761661
GSM865129_schurr_5511_Pae_G1a_.CEL	0.7614801	2.833963	0.0	0.036721855	0.0	2.0034556	0.0	4.6779113	0.0	0.0
GSM865130_schurr_5511_1_Pae_G1a_.CEL	0.0	1.7917279	0.0	0.0	0.0	0.0	0.0	3.2247038	0.0	0.0
GSM865131_schurr_5511_3_Pae_G1a_.CEL	0.0	0.935281	0.10419014	0.0	0.0	0.0	0.0	3.225502	0.12160784	0.0
GSM871963.CEL	0.0	0.0	2.5007687	0.0	0.0	0.21652816	2.3936768	0.17462346	0.0	0.0
GSM871964.CEL	0.0	0.0	2.4128788	0.0	0.0	0.17436096	2.3692029	0.17124778	0.0	0.0
GSM871965.CEL	0.09615235	0.07883386	2.104312	0.0	0.0	0.5718429	1.9208224	0.6862651	0.0	0.0
GSM871966.CEL	0.0	0.0	2.5136027	0.0	0.0	0.19581075	2.4109025	0.13283303	0.0	0.0
GSM871967.CEL	1.7604146	3.4037013	0.0	0.0023044944	0.0	2.9494843	0.0	4.4989414	0.0	0.0
GSM871968.CEL	2.6756675	1.0130682	0.0	0.0	0.0	0.88445634	0.010498017	0.664629	0.0	0.0
GSM871969.CEL	2.5105627	1.0064627	0.0	0.0	0.0	0.81343246	0.0	0.8083409	0.0	0.0
GSM871970.CEL	2.3516746	1.0182283	0.0	0.0	0.0	0.95533717	0.0	0.61519355	0.0	0.019202814
GSM871971.CEL	2.4324436	2.5207787	0.0	0.013249397	0.0	2.3066196	0.0	3.5185761	0.0	0.0
GSM871972.CEL	2.470668	2.4627705	0.0	0.07166839	0.0	2.1674654	0.0	3.4660792	0.0	0.0
GSM871973.CEL	2.5054278	2.628901	0.0	0.04790151	0.0	2.2475736	0.0	3.676586	0.0	0.0
GSM871974.CEL	2.471437	2.81074	0.0	0.10846111	0.0	2.4383075	0.0	4.042294	0.0	0.0
GSM871975.CEL	2.8772037	2.1835885	0.0	0.0	0.0	2.06968	0.0	2.8812556	0.0	0.0
GSM871976.CEL	2.8742254	2.4327216	0.0	0.0	0.0	1.8845026	0.0	3.0727532	0.0	0.0
GSM871977.CEL	2.8384423	2.644412	0.0	0.0060449243	0.0	2.12331	0.0	3.623334	0.0	0.0
GSM871978.CEL	2.8777497	2.1553583	0.0	0.0	0.0	1.848078	0.0	2.999804	0.0	0.0
GSM897995_MHH0094_Pae_G1a.CEL	0.0	3.7401528	3.1769702	0.0	1.9927002	0.0	0.0	0.0	0.0	1.7927408
GSM897996_MHH0095_Pae_G1a.CEL	0.0	3.9477797	3.164532	0.0	1.9654427	0.0	0.0	0.0	0.0	1.6649156
GSM897997_MHH0106_Pae_G1a.CEL	0.0	3.7425485	3.429607	0.0	3.4287474	0.0	0.0	0.0	0.47536355	4.1404114
GSM897998_MHH0107_Pae_G1a.CEL	0.0	3.0477667	3.3193018	0.30604377	3.6850138	0.0	0.0	0.0	0.50955856	4.6881227
GSM897999_MHH0110_Pae_G1a.CEL	0.53627807	1.6361871	2.7942197	1.2417567	3.3348656	0.0	0.0	0.0	0.41641504	5.081318
GSM898000_MHH0111_Pae_G1a.CEL	0.0	2.5486636	3.152071	0.5888079	3.587074	0.0	0.0	0.0	0.47552896	5.0131335
GSM898001_MHH0122_Pae_G1a.CEL	0.0	1.1292629	5.6716914	0.26441497	0.0	0.0	1.8565099	0.0	0.0	0.024200931
GSM898002_MHH0123_Pae_G1a.CEL	0.0	1.042506	5.712301	0.16578898	0.0	0.0	2.1904466	0.0	0.0	0.0
GSM900177_F1_Pae_G1a_.CEL	0.5207818	4.3886538	0.0	0.008254468	0.0	1.2215245	0.0	3.3272283	0.0	0.0
GSM900178_C1_Pae_G1a_.CEL	0.5857301	4.1382785	0.0	0.007450938	0.0	1.3215446	0.0	3.4139092	0.0	0.0
GSM900179_F2_Pae_G1a_.CEL	0.35540628	4.1534567	0.0	0.09769717	0.0	0.99348086	0.0	2.4076855	0.0	0.0
GSM900180_C2_Pae_G1a_.CEL	0.63846993	4.0516067	0.0	0.11358398	0.0	1.5206411	0.0	3.2418113	0.0	0.0
GSM900181_F3_Pae_G1a_.CEL	0.631294	3.4658356	0.0	0.10208374	0.0	1.2354226	0.0	1.633045	0.0	0.0
GSM900182_C3_Pae_G1a_.CEL	0.8245843	3.39712	0.0	0.11193246	0.0	1.2718959	0.0	1.5948147	0.0	0.006294623
GSM92164.CEL	0.0	1.5140542	4.723777	0.0	1.8195246	0.0	4.007104	0.0	0.88895845	0.0
GSM92165.CEL	0.0	0.0	5.095758	0.0	1.4389839	0.0	2.573535	0.0	1.2806035	0.039170995
GSM92166.CEL	0.0	0.0	6.228393	0.0	0.74257934	0.0	2.1698217	0.0	1.5129492	3.3376722
GSM92167.CEL	0.042127438	0.0	5.395944	0.0	0.4958418	0.0	0.22603792	0.0	1.1025234	5.9946914
GSM92168.CEL	1.670809	0.0	2.552197	0.0	0.0	0.0	0.0	0.0	0.0	7.218821
GSM92169.CEL	0.0	1.3244123	4.3253736	0.04397717	1.2648451	0.0	4.0880723	0.0	0.4023142	0.0
GSM92170.CEL	0.0	0.0	5.967906	0.0	1.6161642	0.0	2.6781995	0.0	1.6219199	0.7564884
GSM92171.CEL	0.0	0.0	5.749185	0.0	0.7148478	0.0	1.5549781	0.0	1.7473539	1.6295359
GSM92172.CEL	0.039776452	0.0	5.688868	0.0	0.12037966	0.0	0.19815534	0.0	1.2888556	6.227369
GSM92173.CEL	1.7993367	0.0	3.0461745	0.0	0.0	0.0	0.0	0.0	0.0	7.3631825
GSM92174.CEL	0.0	1.4473959	4.404778	0.0	1.946136	0.0	3.217902	0.0	1.7648128	0.0
GSM92175.CEL	0.0	1.1230907	4.5760293	0.0	2.4027224	0.0	2.8637738	0.0	1.5028818	0.0
GSM92176.CEL	0.0	1.6873864	4.3415008	0.0	1.9477434	0.0	3.200302	0.0	1.4751327	0.0
GSM92177.CEL	0.0	1.895289	4.8249893	0.0	1.4443308	0.0	3.33334	0.0	0.95853865	0.0
GSM92178.CEL	0.0	0.0	5.322573	0.0	2.7962058	0.0	1.9928303	0.0	3.0340168	1.3091198
GSM92179.CEL	0.0	0.0	5.4807973	0.0	2.4190307	0.0	1.603296	0.0	2.705537	1.686203
GSM92180.CEL	0.0	0.0	5.043072	0.0	2.329219	0.0	2.737418	0.0	2.3653789	0.74335194
GSM92181.CEL	0.0	0.0	5.558645	0.0	2.0113435	0.0	2.4897282	0.0	1.8396592	1.008769
GSM92182.CEL	0.0	0.0	5.5257263	0.0	1.9736358	0.0	1.8866348	0.0	3.0632913	2.3897638
GSM92183.CEL	0.06384193	0.0	5.834726	0.0	1.827924	0.0	1.7890358	0.0	2.9267123	3.0828538
GSM92184.CEL	0.0	0.0	5.640972	0.0	0.79658675	0.0	3.1484935	0.0	1.4833307	0.31027636
GSM92185.CEL	0.0	0.0	6.1832294	0.0	0.0	0.0	3.5741942	0.0	1.6925098	0.9543165
GSM92186.CEL	0.0	0.0	4.151947	0.0	0.0	0.0	0.77483094	0.0	1.6470158	5.3621387
GSM92188.CEL	0.15206915	0.0	4.813925	0.01522547	0.0	0.0	1.5953295	0.0	1.4301094	5.1317573
GSM92189.CEL	0.0	0.0	4.353809	0.0	0.07329577	0.0	0.5875044	0.0	1.3308649	5.1902013
GSM92190.CEL	1.0963792	0.0	2.5372913	0.0	0.0	0.0	0.0	0.0	0.4585503	7.1512885
GSM92191.CEL	0.83698034	0.0	1.9641931	0.0	0.0	0.0	0.0	0.0	0.0	7.3782167
GSM92192.CEL	1.582937	0.0	2.188518	0.0	0.05295518	0.0	0.0	0.0	0.0	6.593364
GSM92193.CEL	1.3076389	0.0	2.0017385	0.031417012	0.0	0.0	0.0	0.0	0.0	6.7624536
GSM954576_Nomura_PA01-1_Pae_G1a_.CEL	0.0	1.5584682	2.1825743	0.0	0.0	0.37850147	4.067724	1.2020888	0.0	0.0
GSM954577_Nomura_PA01-2_Pae_G1a_.CEL	0.0	1.7513847	2.5162876	0.0	0.0	0.0	5.659659	0.0	0.0	0.0
GSM954578_Nomura_PA01-3_Pae_G1a_.CEL	0.0	1.7761927	2.809001	0.0	0.0	0.0	6.349813	0.0	0.0	0.0
GSM954579_Nomura_PA01-4_Pae_G1a_.CEL	0.0	1.7886891	2.6025343	0.0	0.0	0.0	5.8911133	0.0	0.0	0.0
GSM954580_Nomura_PA2449-1_Pae_G1a_.CEL	0.0	0.74415493	0.106946334	0.18000549	0.0	0.4793147	4.5624785	0.6347451	0.0	0.0
GSM954581_Nomura_PA2449-2_Pae_G1a_.CEL	0.0	0.7836064	0.38940457	0.41481692	0.280654	0.0	6.267835	0.0	0.0	0.0
GSM954582_Nomura_PA2449-3_Pae_G1a_.CEL	0.0	0.781075	0.5148351	0.39778745	0.32023913	0.0	6.6008034	0.0	0.0	0.0
GSM954583_Nomura_PA2449-4_Pae_G1a_.CEL	0.0	0.67595816	0.22362168	0.3530609	0.085365206	0.0	5.4386954	0.0	0.0	0.0
GSM994496_PAO1-replicate-01.CEL	0.0	0.0	6.1259933	0.0	0.0	4.9210906	2.222001	0.0	0.0	0.0
GSM994497_PAO1-replicate-02.CEL	0.0	0.0	6.1304965	0.0	0.0	4.822593	2.3742387	0.0	0.0	0.0
GSM994498_PAO1-replicate-03.CEL	0.0	0.0	5.8600945	0.0	0.0	4.9690905	2.1301777	0.0	0.0	0.0
GSM994499_HM4-replicate-01.CEL	0.0	0.0	0.5779245	3.6595306	0.0	5.257493	1.504976	0.0	0.0	0.0
GSM994500_HM4-replicate-02.CEL	0.0	0.0	0.6457469	3.6172962	0.0	5.322657	1.5609026	0.0	0.0	0.0
GSM994501_HM4-replicate-03.CEL	0.0	0.0	0.4896222	3.3469877	0.0	5.475485	1.3800886	0.0	0.0	0.0
H_1.CEL	0.13579471	0.0	0.0	0.100951284	3.5206888	1.6681759	0.0	6.6979723	0.0	0.0
H_3.CEL	0.07378525	0.0	0.0	0.12888783	3.8099427	1.629487	0.0	6.4624557	0.0	0.0
H_5.CEL	0.1941395	0.0	0.0	0.1026735	2.9870398	1.7566016	0.0	6.926811	0.0	0.0
HH-PA14_7-6-09_7-8-09_s1.CEL	5.0497684	0.0	1.2348554	4.1264195	0.0	0.0	0.0	0.0	0.0	0.9933441
JS-1B4.9.07.CEL	0.8235321	0.11185459	0.0	0.18890765	0.0	3.5174751	0.0	6.407075	0.0	0.0
JS-A164.9.07.CEL	0.46140522	0.0	0.0	0.23375827	0.0	2.1596093	0.0	6.1398735	0.0	0.0
JS-A84.9.07.CEL	0.3499307	0.0	0.0	0.32212883	0.0	2.6777954	0.0	7.048075	0.0	0.0
JS-G164.9.07.CEL	0.3876369	0.0	0.0	0.24044529	0.0	2.5308685	0.0	7.2959895	0.0	0.0
JS-G84.18.07.CEL	0.5213393	0.0	0.0	0.27784574	0.0	3.5059595	0.0	6.887233	0.0	0.0
JS-T24.9.07.CEL	0.30929655	0.0	0.0	0.24612924	0.0	2.2182424	0.0	7.2479954	0.0	0.0
KP_PA14_5-28_5-30-08_s2.CEL	4.5161686	0.0	0.7044248	3.0453687	0.13460293	0.0	0.0	0.0	0.63318205	0.0
L_12.CEL	0.2486211	0.0	0.0	0.10886997	3.0031633	2.4267645	0.0	6.7758	0.0	0.0
L_13.CEL	0.30717468	0.0	0.0	0.111685574	2.9806495	2.221495	0.0	6.9296594	0.0	0.0
L_14.CEL	0.12403782	0.0	0.0	0.09732321	3.518032	1.7928765	0.0	6.615368	0.0	0.0
MBU_JGOLD_pakA1.CEL	0.0	6.3754196	0.048293084	0.0	0.0	0.0	0.13162144	0.67805785	0.0	0.0
MBU_JGOLD_pakA2.CEL	0.0	6.4339185	0.056107208	0.0	0.0	0.0	0.40480822	0.51252806	0.0	0.0
MBU_JGOLD_PAO11.CEL	0.0	7.0160446	0.0	0.0	0.0	0.0	0.5182366	0.0	0.11835593	0.0
MBU_JGOLD_PAO12.CEL	0.0	6.6485486	0.0	0.0	0.0	0.01626654	0.0	0.43313414	0.0	0.0
MBU_PAER_pak1.CEL	0.0	0.0	0.68497217	0.0	0.21728712	0.0	1.469506	0.0	4.4475403	0.0
MBU_PAER_pak2.CEL	0.0	1.4542826	0.7889279	0.0	0.06059113	0.0	1.1421739	0.0	4.664117	0.0
MBU_PAER_PT51.CEL	0.8776012	2.3132105	0.0	0.0	0.0	1.0524724	0.0	1.7535238	2.1425931	0.0
MBU_PAER_PT52.CEL	0.0	1.5167284	0.0	0.0	0.0	0.19245036	0.0	0.72680384	3.090256	0.0
MSC_01.CEL	5.6384306	0.0	0.0	0.0	0.0	0.0	0.0	0.0	0.0	4.2327137
MSC_02.CEL	5.1353273	0.0	0.0	0.0	0.0	0.0	0.0	0.0	0.0	4.1298375
MSC_03.CEL	5.028574	0.0	0.0	0.09731722	0.0	0.0	0.0	0.0	0.0	3.7814097
MSC_04.CEL	4.72344	0.0	0.0	0.0	0.0	0.0	0.0	0.0	0.0	4.5432954
MSC_05.CEL	4.992079	0.0	0.39018252	0.03251326	0.0	0.0	0.0	0.0	0.0	3.8130999
MSC_06.CEL	2.8680723	0.0	0.0	0.0	0.0	0.0	0.0	0.0	0.0	4.817311
MSC_07.CEL	4.052501	0.0	0.0	0.0	0.0	0.0	0.0	0.0	0.0	4.588831
MSC_08.CEL	2.4238508	0.0	0.0	0.0	0.0	0.0	0.0	0.0	0.0	5.715788
MSC_09.CEL	3.7211657	0.0	0.0	0.0	0.043875813	0.0	0.0	0.0	0.0	3.594192
MSC_10.CEL	2.1423447	0.0	0.65244937	0.0	0.1527066	0.0	0.0	0.0	0.0	5.7021284
Nag_cDNA_1-30-09_S2.CEL	0.0	2.7312388	4.5062785	2.9718118	2.3029768	0.0	2.4160535	0.0	0.0	0.0
Nag_cDNA_2-26-09_s1.CEL	0.0	1.4275832	3.9940677	3.446886	2.0769265	0.0	2.6562908	0.0	0.0	0.0
Overhage11001_Pae_G1a.CEL	0.0	0.0	1.7538445	3.449448	1.0808842	0.0	4.95509	0.0	1.4227555	0.0
Overhage11002_Pae_G1a.CEL	0.0	0.0	3.1294105	3.1804147	0.6649689	0.0	4.599955	0.0	2.0319355	0.47973514
Overhage5001_Pae_G1a.CEL	0.0	0.0	1.7312317	3.0351324	1.4096854	0.0	4.73703	0.0	1.6060476	0.0
Overhage5002_Pae_G1a.CEL	0.0	0.0	2.9316416	2.787014	0.89339924	0.0	4.2693906	0.0	1.953872	0.64461476
PA14_3-23-07_s2.CEL	4.925043	0.0	0.88265675	3.2162118	0.0	0.0	0.0	0.0	0.0	0.0
PA14-Aro_10-5-07_s2.CEL	5.2175055	0.0	0.9224868	3.555334	0.0	0.0	0.0	0.0	0.0	0.36202157
PA14_cDNA_labeled_4-09-08_S2.CEL	5.4791107	0.0	1.8145719	4.4447913	0.0	0.0	0.0	0.0	0.0	0.5188739
Pae_Fe02_13.CEL	0.29553717	0.0	0.0	0.3957902	0.0	6.170232	0.0	4.3367004	0.0	0.0
Pae_Fe02_14.CEL	0.20253283	0.0	0.0	0.33817458	0.0	6.0420003	0.0	4.240271	0.0	0.0
Pae_Fe02_15.CEL	0.20579992	0.1645397	0.0	0.24035811	0.0	5.72173	0.0	4.119454	0.0	0.0
Pae_Fe03_16.CEL	0.30471244	0.0	0.01013723	0.23245701	0.0	5.5344577	0.0	4.2810116	0.0	0.0
Pae_Fe03_17.CEL	0.27504355	0.0	0.12077345	0.24366245	0.0	5.6151857	0.0	3.7131336	0.0	0.0
Pae_Fe03_18.CEL	0.33012313	0.0	0.06365076	0.29366195	0.0	5.3607025	0.0	3.738521	0.0	0.0
Pae_noFe_10.CEL	0.08346217	0.0	0.01556325	0.27551544	0.0	5.301684	0.0	3.9511142	0.0	0.0
Pae_noFe_11.CEL	0.14482391	0.0	0.04589352	0.24255499	0.0	5.6453032	0.0	3.9688253	0.0	0.0
Pae_noFe_12.CEL	0.29544055	0.12466355	0.017050326	0.24879113	0.0	6.272008	0.0	4.513262	0.0	0.0
Tob1_aerobic_wdh_Pae_G1a.CEL	0.0	1.9643861	0.0	0.0	4.905396	3.6463072	0.0	0.0014657229	0.0	0.0
Tob1_anaerobic_Pae_G1a.CEL	0.0	0.0	0.0	0.46504858	5.3911033	4.0559835	0.0	0.0	0.0	0.0
Tob2_aerobic_wdh_Pae_G1a.CEL	0.0	2.158787	0.0	0.0	5.194051	3.5431495	0.0	0.11266193	0.0	0.0
Tob2_anaerobic_Pae_G1a.CEL	0.0	0.0	0.0	0.5851878	5.6815677	4.051788	0.0	0.0	0.0	0.0
Tob3aerobic_Pae_G1a.CEL	0.0	2.0621486	0.0	0.0	5.454165	3.5493383	0.0	0.0	0.0	0.026311994
Tob3_anaerobic_Pae_G1a.CEL	0.0	0.0	0.0	0.5683388	5.0771894	3.951903	0.0	0.0	0.0	0.0
TUBS0088.CEL	0.0	1.9254673	3.5887828	0.0	0.0	0.0	1.715538	0.43874615	0.0	0.0
TUBS0089.CEL	0.0	2.0133405	3.8066154	0.0	0.0	0.0	1.8789313	0.28514642	0.0	0.0
TUBS0090.CEL	0.0	1.1066061	3.5708404	0.0	0.0	0.0	1.2539816	0.22414973	0.0	0.0
TUBS0091.CEL	0.0	2.4320965	2.7540972	0.0	0.0	0.0	0.18377897	1.4673408	0.0	0.0
TUBS0092.CEL	0.0	2.3095918	2.2664514	0.0	0.0	0.0	0.0	2.1820621	0.0	0.0
TUBS0093.CEL	0.0	2.1890557	2.7837136	0.0	0.0	0.0	0.13873631	1.4382565	0.0	0.0
TUBS0094.CEL	0.0091884285	2.2282767	1.5551004	0.0	0.0	0.0	0.0	2.8977785	0.0	0.0
TUBS0095.CEL	0.0	1.7690245	2.2616909	0.0	0.0	0.0	0.0	2.1543145	0.0	0.0
TUBS0096.CEL	0.0	1.3993521	2.143983	0.0	0.0	0.0	0.0	2.3925874	0.0	0.0
Van_Delden_Kohler_0311_BAL6_1.CEL	0.0	0.0	4.425608	0.0	0.0	0.0	2.3747745	0.0	1.3912284	0.10265897
Van_Delden_Kohler_0311_BAL6+_1.CEL	0.0	0.0	4.363425	0.0	0.0	0.0	1.4623797	0.0	1.4199855	0.17317608
Van_Delden_Kohler_0311_BAL6_2.CEL	0.0	0.0	4.5799985	0.0	0.0	0.0	2.5790849	0.0	1.4108602	0.4403515
Van_Delden_Kohler_0311_BAL6+_2.CEL	0.0	0.0	4.478664	0.0	0.0	0.0	1.3217347	0.0	1.5348847	0.2034243
Van_Delden_Kohler_0311_BAL6_3.CEL	0.0	0.0	4.102352	0.0	0.0	0.0	2.2620573	0.0	0.64483345	0.0
Van_Delden_Kohler_0311_BAL6+_3.CEL	0.0	0.0	4.317129	0.0	0.0	0.0	1.2559221	0.0	1.4345139	0.0
Van_Delden_Kohler_0311_PT5_1.CEL	0.0	0.0	3.725505	0.0	0.0	0.0	2.1019888	0.0	1.3192337	0.38657862
Van_Delden_Kohler_0311_PT5_2.CEL	0.0	0.0	3.7361479	0.0	0.0	0.0	2.9490104	0.0	1.2790481	1.2598119
Van_Delden_Kohler_0311_PT5_3.CEL	0.0	0.0	4.3852687	0.0	0.13961902	0.0	1.3023889	0.0	2.6872158	1.945821
WT12935-18-05.CEL	1.3077418	0.0	0.0	0.06125152	0.0	0.0	0.0	0.0	0.0	5.259897
WT12935-4-05.CEL	0.9051776	0.0	0.0	0.0	0.0	0.0	0.0	0.0	0.0	5.6313076
