	1	2	3	4	5
05_PA14000-4-2_5-10-07_S2.CEL	2.360024	4.3265314	0.0	0.7380986	3.5436683
54375-4-05.CEL	2.0196157	1.4528573	0.0	4.7337837	0.4600442
AKGlu_plus_nt_7-8-09_s1.CEL	3.5058722	2.0492632	0.0	0.0	5.018162
anaerobic_NO3_1.CEL	0.0	0.0	4.221221	0.0	0.8087996
anaerobic_NO3_2.CEL	0.0	0.0	4.3939757	0.0	1.0752563
control1aerobic_Pae_G1a.CEL	0.0	2.0584593	1.4768384	0.0	0.0
control1_anaerobic_Pae_G1a.CEL	0.0	4.035294	0.0	0.0	0.0
control2aerobic_Pae_G1a.CEL	0.0	1.3560925	1.8425496	0.0	0.0
control2_anaerobic_Pae_G1a.CEL	0.0	3.9597	0.0	0.0	0.0
control3aerobic_Pae_G1a.CEL	0.0	2.3124366	1.8154216	0.0	0.0
control3_anaerobic_Pae_G1a.CEL	0.0	4.013578	0.0	0.0	0.0
DB1.CEL	1.2613704	0.0	0.0	0.0	0.0
DB3.CEL	1.0421159	0.0	0.0	0.0	0.0
DC1.CEL	3.3444118	0.9940142	0.0	0.0	0.0
DC2.CEL	2.8010473	0.5432274	0.0	0.0	0.0
DC3.CEL	1.6827438	0.64588815	0.0	0.0	0.0
dPA54375-18-05.CEL	1.9899528	2.0365043	0.0	3.7211123	0.28887907
fos1aerobic_Pae_G1a.CEL	0.0	2.071877	1.3970596	0.0	0.0
fos1_anaerobic_Pae_G1a.CEL	0.0	3.2439084	0.0	0.0	0.0
fos2aerobic_Pae_G1a.CEL	0.0	1.5835766	1.1996164	0.0	0.0
fos2_anaerobic_Pae_G1a.CEL	0.0	3.637292	0.13335633	0.0	0.0
Fos3_aerobic_wdh_Pae_G1a.CEL	0.0	0.4234389	0.0	0.0	0.0
fos3_anaerobic_Pae_G1a.CEL	0.0	3.443533	0.0	0.0	0.0
FT1aerobic_Pae_G1a.CEL	0.0	1.8254577	1.1726546	0.0	0.0
FT1_anaerobic_Pae_G1a.CEL	0.0	3.6093807	0.0	0.0	0.0
FT2_aerobic_wdh_Pae_G1a.CEL	0.0	0.9508954	1.2876015	0.0	0.0
FT2_anaerobic_Pae_G1a.CEL	0.0	3.788392	0.0	0.0	0.0
FT3aerobic_Pae_G1a.CEL	0.0	0.953927	1.0924442	0.0	0.0
FT3_anaerobic_Pae_G1a.CEL	0.0	3.7803364	0.0	0.0	0.0
glu_plus_nt_2_8-25-09_s2.CEL	3.4123611	2.6104836	0.0	0.0	4.584149
GPphhRminus_11-30-09_12-3-09_s1.CEL	3.0454102	4.7276044	0.0	0.0	3.6230063
GPphhRminus_11-4-09_s2.CEL	2.4827282	3.8564038	0.0	1.0209967	3.5441437
GSM1027584_062508WT.CEL	3.5596075	0.0	1.5525787	0.5703174	0.0
GSM1027585_071008WT.CEL	4.720079	0.0	1.4187912	0.30790484	0.0
GSM1027586_062508plcHR.CEL	2.7871969	0.0	3.217071	0.0	0.0
GSM1027587_071008plcHR.CEL	2.409337	0.0	4.3491564	0.0	0.0
GSM1027588_062508gbdR.CEL	3.134975	0.0	3.0620751	0.0	0.0
GSM1027589_071008gbdR.CEL	3.2061503	0.0	3.5426114	0.0	0.0
GSM1067456_PAO1_CK_1.CEL	3.3771052	0.0	2.214151	2.4930782	0.22685543
GSM1067457_PAO1_PAA_1.CEL	2.2872517	0.0	2.1290777	4.136636	0.0
GSM1067458_PAO1_CK_2.CEL	2.9970117	0.0	2.899287	1.5899942	0.02995807
GSM1067459_PAO1_PAA_2.CEL	3.2356598	0.0	2.2848394	2.0668333	0.20787695
GSM1112046_PGAS_25_1A.CEL	0.0	0.0	0.40082923	0.0	0.0
GSM1112047_PGAS_25_2A.CEL	0.0	0.0	0.0	0.0	0.0
GSM1112048_PGAS_25_4A.CEL	0.0	0.0	0.051276565	0.0	0.0
GSM1112049_PGAS_37_1B.CEL	0.0	0.0	0.54479843	0.0	0.0
GSM1112050_PGAS_37_2B.CEL	0.0	0.0	1.293263	0.0	0.0
GSM1112051_PGAS_37_3A.CEL	0.0	0.0	2.004397	0.0	0.0
GSM1133186_Weiqing_He_L-Glu-1_021810.CEL	4.810273	1.0704467	0.0	2.4860477	0.39695752
GSM1133187_Weiqing_He_L-Arg-1_021810.CEL	4.8085704	1.3455554	0.0	1.69469	0.24540463
GSM1133188_Weiqing_He_D-Glu-1_021810.CEL	5.0111423	0.7657674	0.0	2.0301883	0.10093671
GSM1133189_Weiqing_He_L-Glu-2_022410.CEL	4.647718	2.844554	0.0	1.4621207	0.6576656
GSM1133190_Weiqing_He_L-Arg-2_022410.CEL	5.1935577	3.747723	0.0	0.42426878	0.8733429
GSM1133191_Weiqing_He_D-Glu-2_022410.CEL	6.252944	0.8903007	0.6632687	0.0	0.0
GSM1146022_pJN105_1.CEL	1.0426856	4.551179	0.0	1.5725119	1.5538058
GSM1146023_pJN105_2.CEL	0.73545855	3.0192575	0.0	0.8734383	0.85447663
GSM1146024_phaF_1.CEL	0.39438003	3.6910634	0.0	0.82307714	1.3825554
GSM1146025_phaF_2.CEL	1.3915273	4.5488005	0.0	1.1601107	1.6458254
GSM1177842_PAO1-1.CEL	0.0	0.0	6.168303	0.0	0.0
GSM1177843_PAO1-2.CEL	0.067289114	0.0	5.8524866	0.0	0.0
GSM1177844_PAO1-3.CEL	0.06486213	0.0	5.6956162	0.0	0.0
GSM1177845_PAO1-AMV-1.CEL	0.0	0.0	5.360994	0.0	0.2039634
GSM1177846_PAO1-AMV-2.CEL	0.5907688	0.0	5.383508	0.0	0.12061027
GSM1177847_PAO1-AMV-3.CEL	0.45598948	0.0	5.092621	0.0	0.042567044
GSM1181847_gc_WT1_1.CEL	3.4452367	0.0	2.2430727	1.1037416	0.0
GSM1181848_gc_WT2_3.CEL	3.923276	0.0	2.5828981	1.0368221	0.0
GSM1181849_gc_Delta1_2.CEL	3.3200874	0.0	2.719873	0.78405774	0.0
GSM1181850_gc_Delta2_4.CEL	3.8733377	0.0	2.023411	1.3018186	0.0
GSM1191066_sphR-pyr-1.CEL	0.7525727	0.5308318	1.7188542	0.0	0.5670427
GSM1191067_sphR-pyr-2.CEL	0.9114721	0.7444494	1.731113	0.0	0.53626186
GSM1191068_sphR-surf-1.CEL	1.0923584	0.3604043	1.5682514	0.0	0.51077956
GSM1191069_sphR-surf-2.CEL	1.959419	0.6881881	0.8606315	0.0	0.45969105
GSM1191070_WT-pyr-1.CEL	1.2540473	1.0009599	1.3235886	0.0	0.8689997
GSM1191071_WT-pyr-2.CEL	1.0511117	0.60551155	1.5844615	0.0	0.4641113
GSM1191072_WT-surf-1.CEL	1.0136849	0.27254245	1.7624767	0.0	0.5272307
GSM1191073_WT-surf-2.CEL	1.9653215	0.91801023	0.48882565	0.0	0.40275222
GSM1206643_WT-PYR-1.CEL	0.0	1.242515	0.7639203	0.0	0.0
GSM1206644_WT-PYR-2.CEL	0.0	1.0227077	0.8040188	0.0	0.0
GSM1206645_WT-CHO-1.CEL	0.0	0.80137724	0.8844453	0.0	0.0
GSM1206646_WT-CHO-2.CEL	0.0	0.7641238	0.4016585	0.0	0.0
GSM1206647_WT-DTC-1.CEL	0.0	0.918509	0.37738162	0.0	0.0
GSM1206648_WT-DTC-2.CEL	0.0	0.87203497	0.09092456	0.0	0.0
GSM1206649_WT-ETC-1.CEL	0.0	0.61667585	0.76875955	0.0	0.0
GSM1206650_WT-ETC-2.CEL	0.0	0.4073119	0.607202	0.0	0.0
GSM1206651_WT-PRC-1.CEL	0.0	0.5074446	0.65204585	0.0	0.0
GSM1206652_WT-PRC-2.CEL	0.0	0.63838255	0.83381426	0.0	0.0
GSM1206653_dgcA-CHO-1.CEL	0.0	0.2325805	0.52576184	0.0	0.0
GSM1206654_dgcA-CHO-2.CEL	0.0	0.23682643	0.751366	0.0	0.0
GSM1237734_M9_H103_2_51059600653056031211409890238138.CEL	4.826698	0.0	0.9531367	0.0	0.0
GSM1237735_M9_H103_3_51059600653061050411410396750551.CEL	4.6102643	0.0	1.1525848	0.0	0.0
GSM1237736_M9_H103_4_51059600653061050411410396750502.CEL	5.171055	0.0	0.720345	0.85796803	0.0
GSM1237737_M9_PAOSX_1_51059600653060050411410396750419.CEL	4.2810354	0.0	0.29193544	2.7525206	0.0
GSM1237738_M9_PAOSX_3_51059600653060050411410396750359.CEL	4.916059	0.0	0.17516428	1.9428788	0.0
GSM1237739_M9_PAOSX_4_51059600653061050411410396750526.CEL	4.784699	0.0	0.14971393	1.3907688	0.0
GSM1244967_PAO1-22-replicate-01.CEL	0.0	0.0	1.6406937	0.0	0.0
GSM1244968_PAO1-22-replicate-02.CEL	0.0	0.0	1.4658246	0.0	0.0
GSM1244969_PAO1-22-replicate-03.CEL	0.0	0.0	1.8327792	0.0	0.0
GSM1244970_PAO1-37-replicate-01.CEL	0.0	0.0	1.7475661	0.0	0.0
GSM1244971_PAO1-37-replicate-02.CEL	0.0	0.0	1.8089565	0.0	0.0
GSM1244972_PAO1-37-replicate-03.CEL	0.0	0.0	1.6050713	0.0	0.0
GSM1267086_HZI1981_G1a.CEL	4.3372054	0.0	1.684233	0.0	0.0
GSM1267087_HZI1950_Pae_G1a.CEL	5.0094976	0.0	2.1402955	0.0	0.0
GSM1267088_HZI1951_Pae_G1a.CEL	4.7151823	0.0	1.1550603	0.0	0.0
GSM1267089_HZI1952_Pae_G1a.CEL	4.9521484	0.0	1.5722468	0.0	0.0
GSM1267090_HZI1953a_Pae_G1a.CEL	4.3146067	0.0	1.7927253	0.0	0.0
GSM1267091_HZI1954_Pae_G1a.CEL	2.842169	0.0	2.9819071	0.0	0.0
GSM1267092_HZI1955_Pae_G1a.CEL	4.392995	1.4465991	1.6450365	0.9877639	0.020782292
GSM1267093_HZI1956_Pae_G1a.CEL	2.442544	0.0	3.091257	0.48559535	0.0
GSM1267094_HZI1958_Pae_G1a.CEL	2.1787174	0.0	1.9308186	0.4078011	0.0
GSM1267095_HZI1959_Pae_G1a.CEL	1.6617305	0.0	1.4701985	0.3903613	0.0
GSM1267096_HZI1960a_Pae_G1a.CEL	3.2050595	0.0	2.4926171	1.4812083	0.0
GSM1267097_HZI1961_Pae_G1a.CEL	3.408359	0.0	1.4452727	1.1937481	0.0
GSM1267098_HZI1962_Pae_G1a.CEL	4.0861034	0.0	1.162269	1.4245565	0.0
GSM1267099_HZI1963_Pae_G1a.CEL	4.043442	0.0	0.45474705	0.9612763	0.0
GSM1267100_HZI1966_Pae_G1a.CEL	5.253152	0.0	1.9738519	0.0	0.0
GSM1267101_HZI1967_Pae_G1a.CEL	3.2875338	0.0	0.5057967	0.0	0.0
GSM1267102_HZI1968_Pae_G1a.CEL	5.631294	0.0	1.5481406	0.0	0.0
GSM1267103_HZI1969_Pae_G1a.CEL	5.694691	0.0	1.7226799	0.0	0.0
GSM1267104_HZI1970_Pae_G1a.CEL	5.8454347	0.0	1.6225102	0.0	0.0
GSM1267105_HZI1971_Pae_G1a.CEL	5.5724196	0.0	1.6082797	0.0	0.0
GSM1267106_HZI1972_Pae_G1a.CEL	5.467387	0.0	1.5913162	0.0	0.0
GSM1267107_HZI1973_Pae_G1a.CEL	5.5818276	0.0	1.5442076	0.0	0.0
GSM1267108_HZI1974_G1a.CEL	5.1840925	0.0	1.6226394	0.0	0.0
GSM1267109_HZI1975_G1a.CEL	5.033384	0.0	1.2995166	0.0	0.0
GSM1267110_HZI1976_G1a.CEL	3.9229188	0.0	0.7400574	0.0	0.0
GSM1267111_HZI1977_G1a.CEL	4.0807395	0.0	0.9257306	0.0	0.0
GSM1267112_HZI1978_G1a.CEL	5.2376604	0.0	1.3177111	0.0	0.0
GSM1267113_HZI1979_G1a.CEL	5.3116913	0.0	1.3429388	0.0	0.0
GSM155231.CEL	4.7451315	1.3822348	0.0	1.139527	0.0
GSM155239.CEL	2.645457	1.7168325	0.0	2.886438	0.0
GSM155240.CEL	4.1515784	3.821486	0.0	1.41002	0.38400346
GSM155241.CEL	4.021675	2.7451735	0.04391128	2.0188036	0.6088316
GSM155242.CEL	3.6540751	3.6165433	0.0	3.3216932	0.8554346
GSM155243.CEL	4.479795	2.4130979	0.0	2.4313025	0.5456681
GSM155244.CEL	3.3483863	5.0182204	0.0	1.8179255	1.270054
GSM155245.CEL	3.3994722	4.9930987	0.0	2.4112036	1.2949626
GSM156153.CEL	4.4031267	1.4958823	0.0	0.034771323	0.0
GSM156154.CEL	0.0	0.0	0.0	0.0	0.0
GSM156155.CEL	4.4814982	1.3834968	0.0	0.0	0.0
GSM156156.CEL	3.773584	1.4727113	0.0	0.0	0.0
GSM156157.CEL	4.4618883	2.872087	0.0	0.0	0.0
GSM156158.CEL	5.173068	3.0501213	0.0	0.0	0.0
GSM156172.CEL	2.4750707	3.564838	0.0	0.0	0.0
GSM156173.CEL	3.876742	3.033299	0.0	0.0	0.0
GSM156174.CEL	2.9272141	0.0	1.6573125	0.0	0.0
GSM156175.CEL	2.9608297	0.0	1.7314091	0.0	0.0
GSM175247.CEL	0.9854646	0.0	2.525574	0.0	0.0
GSM175248.CEL	0.0	0.0	0.7026617	0.0	0.0
GSM177216.CEL	4.215485	0.0	3.052583	0.9183675	0.79174066
GSM177218.CEL	3.0195408	0.0	2.5552022	0.0	0.31413874
GSM187265.CEL	3.190175	0.10272981	0.2297194	0.0	0.0
GSM187266.CEL	3.9516673	2.1687334	0.0	0.0	0.0
GSM187267.CEL	4.4481072	0.8863794	0.0	0.0	0.0
GSM187270.CEL	0.0	0.0	0.0	0.0	1.3015919
GSM187281.CEL	2.2336044	0.6682283	0.0	0.0	1.4894464
GSM187282.CEL	0.0	0.14315286	0.0	0.0	1.813143
GSM187283.CEL	0.0	1.9316047	0.0	0.0	0.27173963
GSM187284.CEL	0.0	0.9334641	0.0	0.0	0.15540567
GSM197237.CEL	3.5658703	0.0	2.4992046	1.6734145	0.015908778
GSM197238.CEL	0.0	0.0	0.0	0.0	0.0
GSM198186.CEL	5.3985085	0.24673074	0.0	0.0	0.0
GSM198187.CEL	5.0582657	1.1037724	0.0	0.0	0.0
GSM198188.CEL	3.2757258	1.0621092	0.0	0.0	0.0
GSM198189.CEL	3.431241	0.46384448	0.45210746	0.0	0.0
GSM198190.CEL	5.0391707	1.9056468	0.0	0.0	0.0
GSM198191.CEL	4.825176	1.365578	0.0	0.0	0.0
GSM199982.CEL	3.265136	0.0	3.3632877	0.0	0.2755934
GSM199983.CEL	3.200677	0.0	3.2350547	0.0	0.33328736
GSM199984.CEL	3.2955103	0.0	1.7839093	0.06260723	0.01332891
GSM199985.CEL	3.5126529	0.0	1.9158001	0.12834173	0.033499807
GSM199986.CEL	3.362967	0.0	1.8388665	0.107079506	0.019981682
GSM208602.CEL	0.69823253	0.0	0.40938255	4.3032875	3.067007
GSM208603.CEL	0.64108694	0.0	0.010109007	4.607547	3.5709825
GSM208604.CEL	0.45745814	0.0	0.0	3.8316517	2.842607
GSM208605.CEL	0.0	1.6595662	0.0	3.5650373	3.623341
GSM208606.CEL	0.0	0.0	0.0	3.017484	2.7375822
GSM208607.CEL	0.0	0.0	0.0	2.2789478	2.8951406
GSM208608.CEL	0.0	0.0	0.0	4.294194	3.4595518
GSM208609.CEL	0.0	0.08954491	0.0	3.3727322	2.323565
GSM208610.CEL	0.0	2.5827641	0.0	2.6364279	3.8642282
GSM208611.CEL	0.0	0.0	0.0	4.032441	3.8262348
GSM208612.CEL	0.0	0.65177786	0.0	4.0432186	3.5155854
GSM208613.CEL	0.0	0.0	0.0	4.4486856	2.6641126
GSM208614.CEL	0.0	0.0	0.0	4.951996	3.1007729
GSM208615.CEL	1.8318903	0.0	0.0	2.624127	0.20245111
GSM208616.CEL	2.1663187	0.46805215	0.0	4.0472155	0.0
GSM208617.CEL	2.710516	0.2996346	0.0	4.3247337	0.32562992
GSM208618.CEL	2.7385297	0.0	0.0	4.271624	0.6510947
GSM208619.CEL	1.8346399	0.0	0.0	4.1106486	0.5847378
GSM208620.CEL	2.4205594	0.0	0.0	3.0780365	0.0
GSM208621.CEL	3.54209	0.14318223	0.0	4.1885443	0.23588455
GSM234928.CEL	2.481263	0.0	2.751537	0.0	0.0
GSM234929.CEL	0.0	0.0	0.0	0.0	0.0
GSM242671.CEL	0.88354623	0.0	3.3572116	0.0	4.6450043
GSM242676.CEL	1.609516	1.7219592	0.11317116	0.300739	4.751006
GSM242677.CEL	0.6271563	0.0	3.428828	0.0	4.120414
GSM243221.CEL	0.19860947	2.2666702	0.0	1.8928497	3.52285
GSM243222.CEL	0.8990264	0.0	0.0	2.8938162	3.8785195
GSM243223.CEL	1.8329483	0.6213575	0.0	3.2632039	1.8668236
GSM243224.CEL	2.0503645	0.56811297	0.0	3.2731085	1.3401935
GSM244065.CEL	2.8676121	0.0	3.2993307	1.4106891	0.0
GSM244066.CEL	3.0552878	0.0	3.3101158	1.2428367	0.0
GSM244067.CEL	3.0330696	0.0	3.1658523	1.3000745	0.0
GSM244068.CEL	2.7040505	0.0	3.18506	1.3810936	0.0
GSM244069.CEL	2.9384074	0.0	2.7883925	1.5020742	0.0
GSM244070.CEL	2.749487	0.0	3.0500379	1.4190624	0.0
GSM244071.CEL	3.3119407	0.0	3.101835	1.8422041	0.0
GSM244072.CEL	3.46593	0.0	2.4319382	2.1512947	0.0
GSM251201.CEL	4.5251226	3.5489025	0.0	0.42552787	0.016828895
GSM251202.CEL	3.0384612	3.698042	0.0	2.2337406	0.0
GSM251203.CEL	2.719525	2.8056612	0.0	0.837854	0.0
GSM251204.CEL	3.4405918	2.2424421	0.0	2.741932	0.14719686
GSM251205.CEL	3.753972	4.011947	0.0	0.82171476	0.30357796
GSM251206.CEL	3.517218	2.58362	0.0	2.2510638	0.5727768
GSM252496.CEL	0.37154877	2.6742291	0.0	0.0	0.4797642
GSM252501.CEL	0.7826501	2.9068213	0.0	0.0	0.79640913
GSM252505.CEL	0.8589494	2.8583908	0.0	0.0	1.079339
GSM252506.CEL	0.0	1.686001	0.0	0.0	1.0577273
GSM252507.CEL	0.0	1.673017	0.0	0.0	1.3666806
GSM252508.CEL	0.0	1.4001318	0.0	0.0	0.8026242
GSM252559.CEL	0.0	0.0	4.0167294	0.0	2.852549
GSM252560.CEL	0.30413675	0.0	4.219393	0.0	3.3342319
GSM252561.CEL	0.0	0.0	4.2432456	0.0	2.7960954
GSM252562.CEL	0.43695182	0.0	3.989058	0.0	3.557239
GSM254432.CEL	3.2925105	0.0	3.952087	0.034539998	0.32113075
GSM261915.CEL	0.0	0.0	0.0	0.0	1.4953568
GSM261916.CEL	0.0	0.0	0.0	0.0	2.0614846
GSM261917.CEL	0.0	0.0	0.0	0.0	1.6347234
GSM261918.CEL	0.0	0.0	0.12766403	0.0	2.1889596
GSM261919.CEL	0.0	0.0	0.0	0.0	0.94862336
GSM261920.CEL	0.0	0.0	0.0	0.0	1.5662688
GSM261921.CEL	0.0	0.0	0.0	0.88326335	2.9900312
GSM261922.CEL	0.0	0.0	0.0	2.6249456	4.191864
GSM261923.CEL	0.0	0.0	0.0	1.0930376	4.2589426
GSM261924.CEL	0.0	0.0	0.0	1.9587585	4.9007535
GSM261925.CEL	0.0	0.0	0.7210356	0.0	4.8049273
GSM261926.CEL	0.0	0.0	0.0	1.7911031	5.741059
GSM261927.CEL	0.0	0.0	0.776748	1.3171036	4.0661545
GSM261928.CEL	0.0	0.0	1.299352	0.48940754	4.024111
GSM261929.CEL	0.0	0.0	0.34696442	1.2464547	5.446699
GSM261930.CEL	0.0	0.0	0.0	0.0	3.339571
GSM261931.CEL	0.0	0.0	0.0	0.9863632	5.4162755
GSM261932.CEL	0.0	0.0	0.0	0.65697616	4.8844748
GSM261933.CEL	0.0	0.0	0.0	0.83635235	2.9959364
GSM261934.CEL	0.0	0.0	0.0	1.0638058	3.5667696
GSM261935.CEL	0.0	0.0	0.0	1.8443139	4.947557
GSM261936.CEL	0.0	0.0	0.0	1.5066092	5.1662555
GSM261937.CEL	0.0	0.0	0.0	1.807137	4.8451643
GSM261938.CEL	0.0	0.0	0.0	1.960516	5.321959
GSM267248.CEL	1.1151719	0.9733942	0.0	2.2387748	0.0
GSM267249.CEL	2.017143	0.15163206	0.045469463	1.7685716	0.0
GSM267250.CEL	1.5767419	1.4406726	0.0	3.0828342	0.1900489
GSM267251.CEL	1.2082585	1.5151845	0.0	2.860433	0.20402768
GSM267252.CEL	1.2726058	0.0	0.0	1.1675667	0.0
GSM267253.CEL	2.082772	0.0	0.081334054	0.9296866	0.074789286
GSM267254.CEL	2.1628246	0.0	0.0	2.406896	0.28110543
GSM267255.CEL	2.4662495	0.0	0.0	2.7459803	0.29516426
GSM267256.CEL	1.5858132	0.0	1.264339	0.0	0.0
GSM267257.CEL	0.9149757	0.0	0.4853343	0.0	0.0
GSM267258.CEL	2.382246	0.0	1.786845	0.1658203	0.0
GSM267259.CEL	2.0418305	0.0	1.5855198	0.07843292	0.0
GSM290747.CEL	2.897026	1.1291614	0.0	3.9173417	0.058648556
GSM290748.CEL	2.5873165	1.1529994	0.0	3.739307	0.0
GSM290749.CEL	2.199542	0.0	2.005247	0.48171824	0.0
GSM290750.CEL	2.0791488	0.0	1.7944143	0.31420976	0.0
GSM290751.CEL	2.3737957	0.3255176	1.6473236	0.0	0.0
GSM290752.CEL	2.398962	0.0	2.1627104	0.6106595	0.0
GSM307112.CEL	3.7296834	1.6367195	0.0	0.921133	1.011142
GSM307113.CEL	3.8598537	1.5816783	0.0	1.1594952	1.2006874
GSM307114.CEL	4.4538994	2.0788238	0.0	1.3433163	1.4065588
GSM307115.CEL	0.0	0.0	3.1339004	0.0	0.0
GSM307116.CEL	0.0	0.0	1.6000826	0.0	0.0
GSM307117.CEL	0.0	0.0	2.0367198	0.0	0.0
GSM307118.CEL	4.593857	0.43958753	0.76501215	0.41279858	0.28898558
GSM307119.CEL	4.6814055	1.4343264	0.023088276	0.7330859	0.40377676
GSM307120.CEL	4.589068	1.287146	0.071394086	0.7689369	0.3407138
GSM307121.CEL	1.9318168	0.0	1.6540318	0.0	0.0
GSM307122.CEL	1.3326244	0.0	1.9397995	0.0	0.0
GSM307123.CEL	1.5934811	0.0	2.1856356	0.0	0.045508236
GSM307124.CEL	1.812302	0.0	0.57852024	1.1910447	0.0
GSM307125.CEL	1.8639171	0.0	0.51451194	1.6044173	0.0
GSM307126.CEL	2.0479388	0.0	1.1272291	1.6958282	0.0
GSM307134.CEL	3.7450156	0.0	3.0692902	0.2420311	0.052180022
GSM307135.CEL	3.0535126	0.0	3.13652	0.0	0.07869771
GSM318398.CEL	0.0	0.0	0.6516797	0.0	0.0
GSM318399.CEL	1.6475693	0.0	0.047891557	0.0	0.0
GSM318400.CEL	0.7635139	0.0	1.936079	0.0	0.0
GSM318401.CEL	0.0	0.0	0.0	0.0	0.0
GSM318402.CEL	0.7281159	0.0	0.0	0.0	0.0
GSM318403.CEL	0.0	0.0	0.0	0.0	0.0
GSM318404.CEL	0.0	1.6814482	0.0	0.0	0.121049374
GSM318405.CEL	0.0	0.8191641	0.0	0.0	0.37458378
GSM318406.CEL	0.0	0.57337254	0.0	0.0	0.0
GSM318407.CEL	0.0	0.13443097	0.0	0.0	0.0
GSM318408.CEL	0.8961103	0.118156776	1.409195	0.0	0.0
GSM318409.CEL	0.0	0.0	0.0	0.0	0.0
GSM318716.CEL	0.5047059	0.0	3.7397623	0.0	4.719364
GSM334310.CEL	3.819213	2.6032658	0.0	3.331424	0.18967962
GSM334311.CEL	3.5893679	3.7513947	0.0	2.3386536	0.75582755
GSM334312.CEL	2.1117816	2.1942654	0.0	2.7038379	0.08080438
GSM334313.CEL	2.8824804	0.5214543	0.0	2.8993616	0.09565267
GSM334314.CEL	3.2423477	2.1699305	0.0	2.915434	1.0098354
GSM334315.CEL	2.926599	1.7830985	0.0	3.0733612	0.9528384
GSM335182.CEL	0.0	0.0	0.21988422	0.0	2.352985
GSM335183.CEL	0.0	0.0	0.0	0.0	0.5155581
GSM349042.CEL	0.0	0.0	1.790138	0.0	3.4498148
GSM349045.CEL	1.0649905	0.0	3.3885298	0.0	5.037549
GSM349047.CEL	0.854209	0.0	3.8112733	0.0	4.983194
GSM349048.CEL	0.2745539	0.0	2.7748368	0.0	4.464558
GSM356953.CEL	0.0	0.25735232	0.0	0.0	0.0
GSM356954.CEL	0.0	0.004442364	0.0	0.12297541	0.0008919835
GSM356955.CEL	0.0	0.084345475	0.0	0.17169845	0.037520558
GSM356956.CEL	0.0	0.0	0.0	0.0	0.0
GSM356957.CEL	0.0	0.0	0.0	0.0	0.0
GSM356958.CEL	0.0	0.0	0.0	0.0	0.0
GSM356959.CEL	0.0	0.0	0.0	0.0	0.0
GSM356960.CEL	0.0	0.0	0.0	0.0	0.0
GSM356961.CEL	0.0	0.0	0.0	0.0	0.0
GSM366976.CEL	0.76086104	0.0	4.049964	0.0	4.2841587
GSM366977.CEL	0.0	0.0	4.2239065	0.0	3.2234697
GSM375702.CEL	2.565083	0.0	1.4391658	1.2480251	4.454825
GSM375703.CEL	2.377423	0.035449818	0.81032515	1.6464992	4.130329
GSM393044.CEL	2.780099	0.0	2.0476112	1.3014942	0.0
GSM393045.CEL	2.8613324	0.0	2.6496665	1.8647313	0.0
GSM424829.CEL	0.0	0.0	0.0	0.0	0.0
GSM424830.CEL	0.0	0.0	0.0	0.0	0.0
GSM424831.CEL	0.0	0.0	0.0	0.0	0.0
GSM424832.CEL	0.0	0.0	0.5514177	0.14928216	0.0
GSM424833.CEL	0.0	0.0	0.3959348	0.15121979	0.0
GSM424834.CEL	0.0	0.0	0.0	0.0	0.0
GSM424835.CEL	0.0	0.0	0.0	0.0	0.0
GSM424836.CEL	0.0	0.0	0.0	0.0	0.0
GSM429472.CEL	1.3811066	2.1903043	0.0	0.35234958	0.0
GSM429475.CEL	0.10902715	1.792161	0.0	0.0	0.003268063
GSM429476.CEL	0.0	0.0	0.0	0.20684499	0.0
GSM429477.CEL	0.0	0.0	0.0	0.026841283	0.0
GSM429478.CEL	0.0	0.0	0.0	0.0	0.0
GSM429479.CEL	0.0	0.0	0.0	0.0	0.056994855
GSM429480.CEL	0.28912544	0.0	0.0	2.3614361	0.0
GSM429481.CEL	0.2382251	0.0	0.0	2.1121716	0.0
GSM432860.CEL	1.9558762	4.1489496	0.0	3.7389615	0.4053303
GSM432861.CEL	2.0368383	4.5000615	0.0	3.3637729	0.3707403
GSM432862.CEL	1.9542439	4.0392566	0.0	3.0040307	0.6166306
GSM432863.CEL	1.70639	3.5440407	0.0	3.3243098	0.37704745
GSM432864.CEL	2.10285	5.2996373	0.0	2.1313014	0.87302244
GSM432865.CEL	1.7878407	5.3520126	0.0	2.0931723	1.0002774
GSM432866.CEL	2.9402063	0.0	1.4465458	2.3743546	0.0
GSM432867.CEL	3.3611436	0.0	1.0153757	2.7929564	0.08099872
GSM432868.CEL	2.855935	0.0	0.56731176	3.0394082	0.19219413
GSM432869.CEL	3.0604267	0.0	2.6325748	2.0850592	0.0
GSM432870.CEL	3.8311977	0.0	3.2961853	0.0	0.052344173
GSM432871.CEL	4.139983	0.0	2.945147	0.27246094	0.0
GSM45588.CEL	0.0	0.0	0.14431739	0.0	0.0
GSM45589.CEL	0.0	0.0	0.0	0.0	0.0
GSM45590.CEL	0.0	0.0	0.0	0.0	0.052895933
GSM45591.CEL	0.0	0.0	0.6098839	0.0	0.06548807
GSM462061.CEL	0.0	0.0	0.0	0.0	0.71849626
GSM462062.CEL	0.0	0.0	0.90235406	0.0	2.8054
GSM462063.CEL	0.0	0.0	4.0918303	0.0	3.0860505
GSM462064.CEL	0.8899301	0.0	3.349902	0.98376024	3.32793
GSM462352.CEL	1.7083325	1.0045317	1.011776	0.0	1.4591236
GSM462353.CEL	2.6417603	0.6294091	2.1492164	0.0	4.5019927
GSM462354.CEL	2.020935	0.0	2.9984176	1.1604458	4.3057013
GSM462355.CEL	1.0424306	0.0	3.122762	0.784527	4.845425
GSM537320.CEL	0.0	0.0	0.0	0.0	0.0
GSM537321.CEL	0.0	0.0	0.0	0.0	0.0
GSM541640.CEL	0.77785426	3.3362188	0.0	2.353743	3.0238118
GSM541641.CEL	0.95514095	3.4468288	0.0	2.1746235	3.1731606
GSM541642.CEL	0.34795558	0.0	3.211708	1.2429843	1.5662454
GSM541643.CEL	0.0	0.0	3.4169497	0.88885176	1.3822211
GSM541644.CEL	0.0	0.0	2.2222009	3.5435872	0.9164911
GSM541645.CEL	0.0	0.0	2.6465955	3.4185376	0.7730684
GSM541646.CEL	0.0	0.0	0.43761462	0.13189721	0.12243995
GSM541647.CEL	0.0	0.0	0.10996789	0.20694625	0.0
GSM541648.CEL	1.0079148	0.0	4.023749	0.0	2.549148
GSM541649.CEL	0.91803277	0.0	4.176036	0.0	2.3853374
GSM546244.CEL	2.3245013	4.477339	0.0	0.7003245	3.3821754
GSM546245.CEL	2.3215597	4.3943987	0.0	1.0868305	3.6723332
GSM546246.CEL	2.2133582	4.5118103	0.0	0.7602471	3.0912337
GSM546247.CEL	2.1464648	4.428834	0.0	0.88328886	3.4821677
GSM546248.CEL	1.9107497	4.5655155	0.0	0.6764504	3.119133
GSM546249.CEL	2.2148542	4.0577397	0.0	0.8357161	3.9014444
GSM546250.CEL	3.1156387	2.093935	0.0	0.28910583	4.7810154
GSM546251.CEL	2.846159	2.3248172	0.0	0.31753045	4.643467
GSM546252.CEL	2.153356	3.8504243	0.0	0.6352093	4.5232143
GSM546253.CEL	2.2763376	3.8411741	0.0	0.656747	3.859713
GSM546254.CEL	2.100349	4.6753902	0.0	0.98197544	3.8387313
GSM546255.CEL	1.2101254	4.2860065	0.0	1.3299963	2.3986003
GSM546256.CEL	2.2002416	0.7366899	0.0	0.92659956	5.389579
GSM546257.CEL	1.5974331	2.464181	0.0	0.90476775	4.5260143
GSM546258.CEL	2.083977	1.8480239	0.0	0.8077103	5.677937
GSM546259.CEL	1.4703072	2.317174	0.0	0.70564973	4.4857674
GSM546260.CEL	1.0059087	3.2193975	0.0	1.1492763	5.1513333
GSM546261.CEL	0.8830242	2.75249	0.0	0.91041076	4.176777
GSM546262.CEL	0.60811174	1.4493074	0.0	0.79790664	5.846488
GSM546263.CEL	0.0	1.8935387	0.0	0.0	4.9521003
GSM546264.CEL	0.16360128	1.860326	0.0	0.6941531	4.9404116
GSM546265.CEL	0.23217547	2.1225448	0.0	0.90921116	5.683049
GSM546266.CEL	0.3533666	0.24892649	0.0	0.3478136	6.017962
GSM546267.CEL	0.284083	2.38658	0.0	0.70640457	4.9011393
GSM546268.CEL	2.066513	3.2199512	0.0	1.0521369	2.6276407
GSM546269.CEL	1.942323	4.2874303	0.0	1.9899354	3.365641
GSM546270.CEL	2.3400798	3.5628119	0.0	0.0	1.5135949
GSM546271.CEL	3.0736752	2.442202	0.0	1.0742431	2.686626
GSM546272.CEL	1.607913	3.7757554	0.0	0.95818573	3.593089
GSM546273.CEL	1.4788836	4.1895094	0.0	1.1225588	3.7115955
GSM546274.CEL	0.0	2.975328	0.0	0.20184886	5.7255917
GSM546275.CEL	0.0	2.6057243	0.0	0.14837861	4.939386
GSM546276.CEL	0.0	2.05416	0.0	0.0	5.55511
GSM546277.CEL	0.0	1.8491209	0.0	0.0	5.956662
GSM546278.CEL	2.9279494	4.0887566	0.0	0.5616648	4.5613856
GSM546279.CEL	2.2259927	3.9668856	0.0	0.9366753	4.256895
GSM546280.CEL	4.0396943	2.978147	0.0	2.685789	0.77013016
GSM546281.CEL	2.882484	4.9206934	0.0	2.0447707	2.1923225
GSM551147.CEL	0.0	0.0	0.6516797	0.0	0.0
GSM551148.CEL	1.6475693	0.0	0.047891557	0.0	0.0
GSM551149.CEL	0.7635139	0.0	1.936079	0.0	0.0
GSM551150.CEL	0.0	0.0	0.0	0.0	0.0
GSM551151.CEL	0.7281159	0.0	0.0	0.0	0.0
GSM551152.CEL	0.0	0.0	0.0	0.0	0.0
GSM560754.CEL	0.9064448	0.0	1.6810764	0.87492263	0.0
GSM560755.CEL	2.2888336	0.20014182	0.5520474	2.9322631	0.05291727
GSM560756.CEL	0.77253383	0.0	0.6157754	0.45970666	0.0
GSM560757.CEL	0.0	0.0	0.61894935	0.07036418	0.0
GSM560758.CEL	0.0	0.0	0.85713995	0.2155363	0.0
GSM560759.CEL	0.0	0.0	0.30598772	0.0	0.0
GSM562109_PAK_GI_colonization_2_6-9-04.CEL	0.0	1.0883042	0.0	2.7508235	1.895405
GSM562110_PAK_GI_colonization_4_6-9-04.CEL	0.0	1.5653727	0.0	2.4692898	1.4448345
GSM562111_PAK_GI_colonization_5-12-04.CEL	0.0	0.987093	0.0	2.6956081	2.1741505
GSM562112_Koh_PAK_H2O_1.CEL	0.0	0.0	2.843046	0.0	0.031593084
GSM562113_Koh_PAK_H2O_2.CEL	0.0	0.0	2.2951207	0.0	0.48470685
GSM562114_Koh_PAK_H2O_3.CEL	0.0	0.0	2.5153236	0.0	0.6892669
GSM567541.CEL	4.5169854	0.0	0.4804222	2.9269292	3.0898337
GSM567542.CEL	2.7563832	0.0	5.0098433	0.0	0.7416438
GSM567543.CEL	4.462246	0.0	0.41807473	2.8743615	3.172844
GSM567544.CEL	2.9562657	0.0	5.1255484	0.0	0.75651354
GSM567666.CEL	0.0	0.0	0.0	0.0	0.0
GSM567667.CEL	0.0	0.0	0.0	0.0	0.0
GSM567668.CEL	0.0	0.0	0.0	0.0	0.0
GSM567669.CEL	0.0	0.0	0.0	0.0	0.0
GSM567670.CEL	0.0	0.008120388	0.0	0.0	0.0
GSM567671.CEL	0.0	0.0	0.0	0.0	0.0
GSM567672.CEL	0.0	0.0	0.0	0.0	0.0
GSM567673.CEL	0.0	0.0	0.0	0.0	0.0
GSM567674.CEL	0.0	0.0	0.0	0.0	0.0
GSM567675.CEL	0.0	0.0	0.0	0.0	0.0
GSM567676.CEL	0.0	0.0	0.0	0.0	0.0
GSM567677.CEL	0.0	0.0	0.0	0.0	0.0
GSM567678.CEL	0.0	0.0	0.0	0.0	0.0
GSM567679.CEL	0.0	0.0	0.0	0.0	0.0
GSM567680.CEL	0.0	1.3525391	0.0	0.0	0.0
GSM567681.CEL	0.0	1.9328606	0.0	0.0	0.0
GSM567682.CEL	0.0	0.0	0.0	0.0	0.0
GSM567683.CEL	0.0	0.0	0.0	0.0	0.0
GSM567684.CEL	0.0	0.0	0.0	0.0	0.0
GSM567685.CEL	0.0	0.0	0.0	0.0	0.0
GSM567686.CEL	0.0	0.0	0.0	0.0	0.0
GSM567687.CEL	0.0	0.0	0.0	0.0	0.0
GSM567688.CEL	0.0	0.0	0.0	0.0	0.0
GSM567689.CEL	0.0	0.0	0.0	0.0	0.0
GSM567690.CEL	0.0	2.3490157	0.0	0.0	0.0
GSM567691.CEL	0.0	2.2923994	0.0	0.0	0.0
GSM567692.CEL	0.0	0.0	0.0	0.0	0.0
GSM567693.CEL	0.0	0.0	0.0	0.0	0.0
GSM567694.CEL	0.0	0.0	0.0	0.0	0.0
GSM567695.CEL	0.0	0.0	0.0	0.0	0.0
GSM573322.CEL	3.3851843	0.0	3.3555527	0.0	0.0
GSM573323.CEL	3.917634	0.0	3.6143124	0.0	0.0
GSM573324.CEL	4.5878844	0.0	2.5351899	0.0	0.0
GSM573325.CEL	4.2051597	0.0	2.6254957	0.0	0.0
GSM573326.CEL	4.8741283	0.0	2.2604792	0.0	0.0
GSM573327.CEL	3.9029007	0.0	3.1589184	0.0	0.0
GSM591496.CEL	3.0609908	0.0	1.9888096	1.7546046	4.467869
GSM591601.CEL	2.893459	0.0	1.7346859	1.5397149	4.1352696
GSM591602.CEL	3.3285222	0.0	1.6131885	0.63338685	4.2496424
GSM591603.CEL	0.651907	0.0	3.4448228	0.0	3.2827487
GSM591622.CEL	0.5835883	0.0	3.0914638	0.0	2.7572494
GSM591623.CEL	0.9836852	0.0	3.348166	0.0	3.1175385
GSM591624.CEL	0.0	0.0	2.6175232	0.0	2.5063624
GSM591625.CEL	0.12503064	0.0	2.6969054	0.0	2.0938227
GSM591627.CEL	0.0	0.0	2.745944	0.0	1.5230007
GSM596626.CEL	0.0	0.0	0.19201219	0.0	4.96606
GSM596819.CEL	0.0	0.0	1.2496247	0.0	5.526653
GSM597216.CEL	0.374838	0.0	2.1025434	0.0	1.9612304
GSM597217.CEL	0.0	0.0	1.1736466	0.0	0.31399193
GSM597218.CEL	0.0	0.0	1.3616849	0.0	0.7460543
GSM597219.CEL	2.8412104	0.0	1.7991292	1.9594693	3.906639
GSM597220.CEL	2.6874857	0.0	1.2666198	2.0171046	3.6839318
GSM597221.CEL	3.097632	0.19404513	0.3402083	2.0346937	4.482019
GSM597329.CEL	0.95286626	0.0	3.1580098	0.0	3.0475163
GSM597330.CEL	0.9038032	0.0	3.963277	0.15584165	4.085572
GSM597331.CEL	2.0282826	0.0	3.328195	0.0	4.1468263
GSM610406.CEL	3.5701914	0.0	3.0207615	0.17075151	0.6905067
GSM610407.CEL	3.2087367	0.0	3.28398	0.0	0.5957243
GSM617286.CEL	0.0	0.0	0.49541143	1.9031512	2.8611026
GSM617287.CEL	0.0	0.0	0.20961344	1.4349997	3.400209
GSM617288.CEL	0.0	0.0	0.0	2.1085782	3.5100107
GSM617289.CEL	0.0	0.0	0.8255561	2.1332197	2.9060163
GSM617290.CEL	0.0	0.0	1.3086698	1.8706136	2.6677494
GSM617291.CEL	0.0	0.0	1.0864747	2.1125898	2.7543983
GSM617292.CEL	0.0	0.0	0.8151435	1.1834494	2.9552922
GSM617293.CEL	0.0	0.0	0.3478208	0.96765697	3.7514749
GSM617294.CEL	0.0	0.0	0.0	0.28478056	3.737121
GSM617295.CEL	0.0	0.0	2.6671505	0.8415636	2.4397159
GSM617296.CEL	0.0	0.0	3.3244238	1.2916409	2.5659075
GSM617297.CEL	0.0	0.0	3.711298	0.23471373	1.6801376
GSM617298.CEL	0.0	0.0	0.0	0.0	0.0
GSM617299.CEL	0.0	0.0	0.0	0.0	0.0
GSM617300.CEL	0.0	0.0	0.0	0.0	0.0
GSM617301.CEL	0.0	0.0	0.0	0.0	0.0
GSM625973.CEL	0.0	0.0	0.0	0.0	0.0
GSM625974.CEL	0.0	0.0	0.0	0.0	0.0
GSM625975.CEL	0.0	0.0	0.0	0.0	0.0
GSM625976.CEL	0.0	0.0	0.0	0.0	0.0
GSM625977.CEL	0.0	0.0	0.0	0.0	0.0
GSM625978.CEL	0.0	0.0	0.0	0.0	0.0
GSM625979.CEL	0.0	0.0	0.0	0.0	0.0
GSM625980.CEL	0.0	0.0	0.0	0.0	0.0
GSM625981.CEL	0.0	0.0	0.0	0.0	0.0
GSM625982.CEL	0.0	0.0	0.0	0.0	1.0295407
GSM629176.CEL	2.8284106	1.3945807	0.0	3.9208782	0.47559184
GSM629177.CEL	2.316908	2.743145	0.0	3.2779	0.38623732
GSM629178.CEL	2.7400584	2.1714525	0.0	3.9264634	0.52274835
GSM629179.CEL	2.276973	1.7275385	0.0	3.3569567	0.3900682
GSM637573.CEL	0.0	0.0	0.0	0.0	0.0
GSM637574.CEL	0.0	0.0	0.0	0.0	0.0
GSM637575.CEL	0.0	0.0	0.0	0.0	0.0
GSM637576.CEL	0.0	0.0	0.0	0.0	0.0
GSM637577.CEL	0.0	0.0	0.0	0.0	0.0
GSM637578.CEL	0.0	0.0	0.0	0.0	0.0
GSM637579.CEL	0.0	0.0	0.0	0.0	0.0
GSM637580.CEL	0.0	0.0	0.0	0.0	0.0
GSM637581.CEL	0.0	0.0	0.0	0.0	0.0
GSM637582.CEL	0.0	0.0	0.0	0.0	0.0
GSM637583.CEL	0.0	0.0	0.0	0.0	0.0
GSM637584.CEL	0.0	0.0	0.0	0.0	0.0
GSM637585.CEL	0.0	0.0	0.0	0.0	0.0
GSM637586.CEL	0.0	0.0	0.0	0.0	0.0
GSM637587.CEL	0.0	0.0	0.0	0.0	0.0
GSM637588.CEL	0.0	0.0	0.0	0.0	0.0
GSM637589.CEL	0.0	1.5812	0.0	0.0	0.0
GSM637590.CEL	0.0	1.7106827	0.0	0.0	0.0
GSM637591.CEL	0.0	2.224328	0.0	0.0	0.73586684
GSM637592.CEL	0.0	2.3526077	0.0	0.0	0.94746923
GSM637593.CEL	0.0	0.0	0.0	0.0	0.0
GSM637594.CEL	0.0	0.0	0.0	0.0	0.0
GSM637595.CEL	0.0	0.0	0.0	0.0	0.0
GSM637596.CEL	0.0	0.0	0.0	0.0	0.0
GSM637597.CEL	0.0	0.0	0.0	0.0	0.0
GSM637598.CEL	0.0	0.0	0.0	0.0	0.0
GSM641845.CEL	3.2838397	4.3796396	0.0	1.3307719	1.2127085
GSM641846.CEL	2.5884278	5.2433157	0.0	1.3724542	1.3359227
GSM641847.CEL	2.2766528	4.8610277	0.0	1.3442272	1.6012391
GSM641848.CEL	2.3389335	4.970746	0.0	1.4714898	1.5898592
GSM641849.CEL	3.540998	4.9830585	0.0	1.6795412	1.6133417
GSM663161_03_mix_1wP_Pae_5-10-07_S2.CEL	2.9968762	2.921898	0.0	2.3444781	1.1188956
GSM663162_Pae-Mix-1_5-22-07_S2.CEL	2.7919698	0.1638647	0.0	4.0820556	0.47816458
GSM663163_04_Pae_5-10-07_S2.CEL	2.9534698	2.6129203	0.0	3.7657888	0.71517426
GSM663164_Pae_5-22-07_S2.CEL	2.9674292	0.28930706	0.0	3.5341198	0.22149584
GSM663168_BM-Mix-Pa_1_6-6-08_s1.CEL	4.140678	0.0	0.9214132	0.776757	0.0
GSM663169_BM-Mix-Pa_2_6-6-08_s1.CEL	3.8482075	0.0	0.83726746	0.6618611	0.0
GSM663170_Pa_label_cDNA_5-13-08_s2.CEL	4.2065115	0.021312132	0.0	1.6121261	0.7789266
GSM685447.CEL	0.0	0.0	0.0	0.0	0.0
GSM685448.CEL	0.0	0.0	0.0	0.0	0.0
GSM685449.CEL	0.0	0.0	0.0	0.0	0.0
GSM685450.CEL	0.0	0.0	0.0	0.0	0.0
GSM698080.CEL	2.4817855	0.36997968	0.0	2.079145	0.0
GSM698081.CEL	3.1070857	0.19350266	0.31569362	2.4116435	0.23784405
GSM711446.CEL	0.09434724	0.0	4.371619	3.7263641	0.0
GSM711447.CEL	0.0	0.0	4.0540295	3.9777467	0.0
GSM711448.CEL	0.9685502	0.0	3.6501043	4.066503	0.0
GSM711449.CEL	0.4969731	0.0	3.569595	3.8473523	0.0
GSM711450.CEL	0.0	0.0	3.4155438	4.7526064	0.0
GSM711451.CEL	0.0	0.0	3.3747227	4.4949055	0.0
GSM711452.CEL	0.0	0.0	3.7278986	4.6072063	0.0
GSM711453.CEL	1.348247	0.0	1.5368004	5.116419	0.0
GSM711454.CEL	1.5034056	0.0	1.9644451	4.7041626	0.041275352
GSM711455.CEL	1.1072019	0.0	1.9358935	4.766444	0.0
GSM717419.CEL	4.8995895	0.0	2.261098	0.0	0.0
GSM717420.CEL	3.7057028	0.0	1.4064319	0.0	0.0
GSM717421.CEL	4.12002	0.0	1.4952481	0.0	0.0
GSM717422.CEL	0.0	0.0	0.0	0.0	0.0
GSM717423.CEL	0.0	0.0	0.10979521	0.0	0.0
GSM717424.CEL	0.0	0.0	0.0	0.0	0.0
GSM735748_PA14_WT.CEL	0.30758405	0.0	3.4843667	0.0	3.5809693
GSM735749_PA14_WT_adenosine.CEL	0.0	0.0	3.9081297	0.0	4.0685053
GSM738261.CEL	0.0	0.0	5.2364044	0.0	0.0
GSM738262.CEL	0.0	0.0	5.306013	0.0	0.0
GSM738263.CEL	0.0	0.0	5.0956106	0.0	0.0
GSM738264.CEL	0.0	0.0	5.0532465	0.0	0.0
GSM738265.CEL	0.0	0.0	4.862374	0.0	0.0
GSM738266.CEL	0.0	0.0	5.2375054	0.0	0.0
GSM740019.CEL	0.76411855	0.0	3.703281	0.0	4.585069
GSM740020.CEL	0.6587562	0.0	3.985943	0.0	4.9377503
GSM741203.CEL	0.0	0.0	5.4136314	0.0	0.0
GSM741204.CEL	0.0	0.0	5.5169735	0.0	0.0
GSM741205.CEL	0.0	0.0	5.30787	0.0	0.0
GSM741206.CEL	0.0	0.0	5.480729	0.0	0.0
GSM741207.CEL	0.0	0.0	5.374823	0.0	0.0
GSM741208.CEL	0.0	0.0	5.4947853	0.0	0.0
GSM741209.CEL	0.0	0.0	5.120906	0.0	0.0
GSM741210.CEL	0.0	0.0	4.9187555	0.0	0.0
GSM741211.CEL	0.0	0.0	4.6290607	0.0	0.0
GSM741212.CEL	0.0	0.0	4.465235	0.0	0.0
GSM741213.CEL	0.0	0.0	4.8134274	0.0	0.0
GSM741214.CEL	0.0	0.0	4.900583	0.0	0.0
GSM743001_PAO1-PC4-a.CEL	0.0	2.291688	0.0	0.99858534	0.0
GSM743002_PAO1-PC4-b.CEL	0.0	2.2075887	0.0	0.5372712	0.0
GSM743003_PAO1-PC4-c.CEL	0.0	3.2152052	0.0	0.71861815	0.0
GSM743004_PAO1-PC24-a.CEL	0.0	2.8954701	0.0	0.0	0.0
GSM743005_PAO1-PC24-b.CEL	0.0	3.021041	0.0	0.0	0.0
GSM743006_PAO1-PC24-c.CEL	0.0	3.1012402	0.0	0.0	0.0
GSM743007_PAO1-SC24-a.CEL	0.0	1.3524525	0.0	0.0	0.0
GSM743008_PAO1-SC24-b.CEL	0.0	0.0	0.0	0.0	0.0
GSM743009_PAO1-SC24-c.CEL	0.0	1.0761846	0.0	0.0	0.0
GSM767700.CEL	0.0	0.0	5.1494446	0.0	0.0
GSM767701.CEL	0.0	0.0	4.8776655	0.0	0.0
GSM767702.CEL	0.0	0.0	4.936066	0.0	0.0
GSM767703.CEL	0.0	0.0	5.3770833	0.0	0.0
GSM767704.CEL	0.0	0.0	5.556764	0.0	0.0
GSM767705.CEL	0.0	0.0	5.123761	0.0	0.0
GSM774085_CF30-1979a.CEL	0.0	2.2497191	0.0	0.0	4.2657547
GSM774086_CF30-1979b.CEL	0.0	3.1190763	0.0	0.108638644	5.8682513
GSM774087_CF30-1979c.CEL	0.0	2.9346461	0.0	0.022215784	6.2579646
GSM774088_CF43-1973a.CEL	0.4990052	4.098957	0.0	0.48086995	4.596348
GSM774089_CF43-1973b.CEL	0.54495454	4.2354093	0.0	0.5622817	4.4155736
GSM774090_CF43-1973c.CEL	0.7890816	4.4320774	0.0	0.7588273	4.3880477
GSM774091_CF66-1973a.CEL	0.27263856	3.83457	0.0	0.23957771	4.987251
GSM774092_CF66-1973b.CEL	0.0	3.3308845	0.0	0.0	5.1265764
GSM774093_CF66-1973c.CEL	0.11321175	3.6190062	0.0	0.12353635	4.9260864
GSM774094_CF66-1992a.CEL	0.0	2.4566069	0.0	0.0	5.2148557
GSM774095_CF66-1992b.CEL	0.0	2.8790998	0.0	0.0	5.5582967
GSM774096_CF66-1992c.CEL	0.0	2.659194	0.0	0.0	5.5025134
GSM774097_CF66-2008a.CEL	0.0	1.8810577	0.0	0.0	6.4799223
GSM774098_CF66-2008b.CEL	0.0	1.7705077	0.0	0.0	6.512867
GSM774099_CF66-2008c.CEL	0.0	1.4774334	0.0	0.0	6.0909786
GSM774100_CF105-1973a.CEL	0.6776938	4.811123	0.0	0.61440814	4.3758874
GSM774101_CF105-1973b.CEL	0.58751994	4.545911	0.0	0.5713463	3.9471812
GSM774102_CF105-1973c.CEL	0.520059	4.5446053	0.0	0.543028	3.9970555
GSM774103_CF114-1973a.CEL	1.2283802	4.527136	0.0	0.6984304	3.6296701
GSM774104_CF114-1973b.CEL	1.1448088	4.970342	0.0	0.6921036	3.3406348
GSM774105_CF114-1973c.CEL	1.4848356	4.6796513	0.0	0.75331914	3.6072974
GSM774106_CF173-1984a.CEL	0.0	2.3767505	0.0	0.0	5.5551944
GSM774107_CF173-1984b.CEL	0.0	2.4874678	0.0	0.030210733	6.0863433
GSM774108_CF173-1984c.CEL	0.0	1.6282254	0.0	0.0	5.8844852
GSM774109_CF173-2002a.CEL	0.0	0.82429004	0.0	0.0	2.7710104
GSM774110_CF173-2002b.CEL	0.0	1.1520965	0.0	0.0	3.0649734
GSM774111_CF173-2002c.CEL	0.0	1.5634562	0.0	0.0	4.833292
GSM774112_CF173-2005a.CEL	0.0	2.317171	0.0	0.0	6.519386
GSM774113_CF173-2005b.CEL	0.0	2.051344	0.0	0.0	5.651595
GSM774114_CF173-2005c.CEL	0.0	1.6386075	0.0	0.0	5.3403993
GSM774115_CF243-2002a.CEL	0.0	1.213116	0.0	0.0	5.4656215
GSM774116_CF243-2002b.CEL	0.0	1.2731388	0.0	0.0	5.9632316
GSM774117_CF243-2002c.CEL	0.0	0.47472578	0.0	0.0	3.134232
GSM774118_CF333-1991a.CEL	0.0	2.7949476	0.0	0.0	6.038061
GSM774119_CF333-1991b.CEL	0.0	3.0606189	0.0	0.15480202	6.152549
GSM774120_CF333-1991c.CEL	0.0	2.818223	0.0	0.0	5.7441406
GSM774121_CF333-1997a.CEL	0.0	2.6983113	0.0	0.046890736	6.060594
GSM774122_CF333-1997b.CEL	0.0	2.9761372	0.0	0.124513984	6.080275
GSM774123_CF333-1997c.CEL	0.0	2.8022943	0.0	0.0	5.3308496
GSM774124_CF333-2003a.CEL	0.0	2.947857	0.0	0.0	6.376357
GSM774125_CF333-2003b.CEL	0.0	2.5110993	0.0	0.0	6.634828
GSM774126_CF333-2003c.CEL	0.0	1.6810161	0.0	0.0	6.74367
GSM774127_CF333-2005a.CEL	0.0	0.7762607	0.0	0.0	6.1483936
GSM774128_CF333-2005b.CEL	0.0	2.2575655	0.0	0.0	5.8949986
GSM774129_CF333-2005c.CEL	0.0	1.1070044	0.0	0.0	5.7639537
GSM774130_CF333-2007a.CEL	0.0	2.061417	0.0	0.0	6.582357
GSM774131_CF333-2007b.CEL	0.0	1.7820061	0.0	0.0	6.3429723
GSM774132_CF333-2007c.CEL	0.0	0.7108959	0.0	0.0	5.1285543
GSM774133_B6-0_1.CEL	1.7648274	5.2023063	0.0	1.5938828	2.9597368
GSM774134_B6-0_2.CEL	1.2244178	4.6209426	0.0	1.0601795	1.8772469
GSM774135_B6-0_3.CEL	1.8648434	5.0599465	0.0	1.5563573	2.9384408
GSM774136_B6-4_1.CEL	1.4207971	4.903847	0.0	1.3342255	2.5479493
GSM774137_B6-4_2.CEL	1.272048	4.600726	0.0	1.0534846	2.552579
GSM774138_B6-4_3.CEL	1.8564233	5.1334534	0.0	1.5377078	2.6932354
GSM774139_B12-0_1.CEL	0.88347286	4.6464014	0.0	0.6993222	3.3796625
GSM774140_B12-0_2.CEL	0.8019447	4.5386977	0.0	0.8316109	3.3658977
GSM774141_B12-0_3.CEL	0.7484441	4.3180037	0.0	0.7050848	3.5150013
GSM774142_B12-4_1.CEL	0.78845394	4.65819	0.0	0.9514226	3.6353965
GSM774143_B12-4_2.CEL	0.8830049	4.642371	0.0	1.0172447	3.657052
GSM774144_B12-4_3.CEL	0.95141983	4.738785	0.0	0.89096427	3.545442
GSM774145_B12-7_1.CEL	0.31662416	4.3276477	0.0	0.40771413	2.9717512
GSM774146_B12-7_2.CEL	0.40393907	4.3803916	0.0	0.26296294	2.9751277
GSM774147_B12-7_3.CEL	0.4724651	4.4771566	0.0	0.84090877	3.3279514
GSM774148_B38-1_1.CEL	1.8574514	4.2753863	0.0	0.7666733	3.3943868
GSM774149_B38-1_2.CEL	2.0170949	4.5194836	0.0	0.71677035	3.2666898
GSM774150_B38-1_3.CEL	1.9262745	4.5819693	0.0	0.77895844	3.2812977
GSM774151_B38-2M_1.CEL	0.0	2.1311624	0.0	0.0	6.132946
GSM774152_B38-2M_2.CEL	0.0	1.8790282	0.0	0.0	5.9361362
GSM774153_B38-2M_3.CEL	0.0	2.052845	0.0	0.0	5.9319067
GSM774154_B38-2NM_1.CEL	1.9169955	3.9307294	0.0	0.7013144	3.5884018
GSM774155_B38-2NM_2.CEL	1.7738385	3.7870069	0.0	0.66409886	3.87333
GSM774156_B38-2NM_3.CEL	2.0307107	3.7305107	0.0	0.6188009	4.015259
GSM774157_B38-6M_1.CEL	0.0	2.0910683	0.0	0.0	5.916846
GSM774158_B38-6M_2.CEL	0.0	1.866527	0.0	0.0	5.915375
GSM774159_B38-6M_3.CEL	0.0	1.7698942	0.0	0.0	5.8956075
GSM774160_PAO1a.CEL	2.453785	5.344902	0.0	1.7823799	1.5929676
GSM774161_PAO1b.CEL	2.041512	5.326424	0.0	1.7526069	1.3683698
GSM774162_PAO1c.CEL	2.04461	5.474702	0.0	1.6824155	1.4772147
GSM794226_A27.CEL	1.7028162	0.57176673	1.0390245	0.0	2.482264
GSM794227_A28.CEL	1.7585601	0.519279	1.4669554	0.0	2.9071484
GSM794228_A29.CEL	0.0	0.0	1.6850405	0.0	0.2596486
GSM794229_A30.CEL	0.0	0.0	0.0	0.0	0.4511677
GSM794230_A31.CEL	0.0	0.0	0.0	0.0	0.049474806
GSM794231_A32.CEL	0.0	0.0	0.0	0.0	0.19735342
GSM821084_HZI0139_Pae_G1a.CEL	0.2107631	0.0	4.9450903	0.0	0.0
GSM821085_HZI0140_Pae_G1a.CEL	0.0015053749	0.0	4.8134665	0.0	0.0
GSM821086_HZI0141_Pae_G1a.CEL	0.2572013	0.0	5.2450457	0.0	0.0
GSM821087_HZI0142_Pae_G1a.CEL	0.0	0.0	4.9365444	0.0	0.0
GSM821088_HZI0143_Pae_G1a.CEL	0.68586534	0.0	5.200233	0.0	0.0
GSM821089_HZI0144_Pae_G1a.CEL	0.2225318	0.0	5.4663405	0.0	0.0
GSM821090_HZI0145_Pae_G1a.CEL	1.6549118	0.0	0.2447766	0.0	0.0
GSM821091_HZI0146_Pae_G1a.CEL	3.6791024	0.31079733	0.6896262	0.0	0.0
GSM821092_HZI0148_Pae_G1a.CEL	2.7022443	2.5833268	0.0	1.0209736	0.0
GSM821093_HZI0149_Pae_G1a.CEL	1.0206546	0.6159166	0.0	0.0	0.0
GSM821094_HZI0147_Pae_G1a.CEL	3.4152236	0.19245055	0.49633497	0.0	0.0
GSM821095_HZI0150_Pae_G1a.CEL	2.7356305	2.2101889	0.0	0.5576339	0.0
GSM821495.CEL	4.035941	0.0	3.2322023	0.0	0.0
GSM821496.CEL	2.925733	0.0	3.7541234	0.0	0.0
GSM821497.CEL	3.7144217	0.0	3.452492	0.0	0.0
GSM821498.CEL	4.9852567	0.0	1.8257623	0.20715243	0.20825541
GSM821499.CEL	2.8873787	0.0	3.6905205	0.0	0.0
GSM821500.CEL	3.0336647	0.0	3.9338465	0.0	0.13216096
GSM821501.CEL	3.9899116	0.0	2.5314872	0.0	0.0
GSM821502.CEL	3.684875	0.0	2.6807518	0.0	0.0
GSM821503.CEL	3.5861492	0.0	1.9596825	0.0	0.0
GSM821504.CEL	3.6517415	0.0	1.5931039	1.6099372	1.7000363
GSM821505.CEL	3.987379	0.0	1.3865151	1.48621	1.7174063
GSM821506.CEL	3.4713097	0.0	1.4459944	1.961514	1.7775086
GSM822689_wtBSM_A.CEL	5.4865093	0.0	0.089461744	0.0	0.0
GSM822690_wtBSM_B.CEL	5.2133336	0.0	0.24380344	0.0	0.0
GSM822691_delta_crcBSM_A.CEL	5.39008	0.0	0.0	0.20103216	0.0
GSM822692_delta_crcBSM_B.CEL	5.0422397	0.0	0.0	0.0	0.0
GSM822693_delta_cbrBBSM_A.CEL	4.59056	0.0	0.0	1.6827164	0.0
GSM822694_delta_cbrBBSM_B.CEL	5.504668	0.0	0.0	0.4100582	0.0
GSM822695_delta_crcZBSM_A.CEL	4.060069	0.0	0.0	2.946407	0.0
GSM822696_delta_crcZBSM_B.CEL	4.331087	0.0	0.0	1.4773567	0.0
GSM822708_wtLB_A.CEL	2.5295885	0.0	0.0	2.2963543	0.057453096
GSM822709_wtLB_B.CEL	3.1336842	0.0	0.0	2.8490634	0.2416538
GSM822710_delta_crcLB_A.CEL	2.2610157	2.6551747	0.0	2.6594062	0.80833185
GSM822711_delta_crcLB_B.CEL	2.3464983	1.0286434	0.0	2.115285	0.2068176
GSM822712_delta_cbrBLB_A.CEL	3.790628	0.015378341	0.051659763	2.8148644	0.3222474
GSM822713_delta_cbrBLB_B.CEL	3.0650449	0.0	0.0	2.2808301	0.14214149
GSM822714_delta_crcZLB_A.CEL	2.988273	0.05758044	0.0	2.24915	0.07695496
GSM822715_delta_crcZLB_B.CEL	2.975727	0.0	0.0	1.9290748	0.0
GSM823341.CEL	0.0	0.0	0.0	0.0	0.5024263
GSM823342.CEL	0.0	0.0	0.0	0.0	0.07196957
GSM823343.CEL	0.0	0.0	0.0	0.0	0.67515934
GSM823344.CEL	0.0	0.0	2.4190114	0.0	1.1473168
GSM823345.CEL	0.0	0.0	0.0	0.0	1.6815243
GSM823346.CEL	0.0	0.0	0.8697077	0.0	1.172034
GSM823347.CEL	0.0	0.0	0.0	0.0	1.4890342
GSM823348.CEL	0.0	0.0	0.0	0.0	0.55090153
GSM838206_OXYR-LB-1_Pae_G1a.CEL	1.8588134	0.0	3.8468022	0.0	0.0
GSM838207_OXYR-LB-2_Pae_G1a.CEL	1.52559	0.0	3.7930794	0.0	0.0
GSM838208_OXYR-LB-4_Pae_G1a.CEL	2.6766267	0.0	3.96033	0.056013405	0.0
GSM838209_OXYR-PM-1_Pae_G1a.CEL	0.0	0.0	4.1362476	1.8610898	0.0
GSM838210_OXYR-PM-3_Pae_G1a.CEL	0.0	0.0	4.6613297	1.4508855	0.0
GSM838211_OXYR-PM-4_Pae_G1a.CEL	0.0	0.0	4.7557936	1.2711862	0.0
GSM838212_PAO1-LB-1_Pae_G1a.CEL	1.9586623	0.0	4.2276764	0.0	0.0
GSM838213_PAO1-LB-2_Pae_G1a.CEL	1.7521253	0.0	4.3943667	0.0	0.0
GSM838214_PAO1-LB-3_Pae_G1a.CEL	2.1905968	0.0	4.3823524	0.0	0.0
GSM838215_PAO1-PM-1_Pae_G1a.CEL	0.0	0.0	4.081025	2.6013162	0.0
GSM838216_PAO1-PM-3_Pae_G1a.CEL	0.0	0.0	4.525633	1.9191016	0.0
GSM838217_PAO1-PM-4_Pae_G1a.CEL	0.0	0.0	4.678277	1.856303	0.0
GSM838218_PAO1-5344-1_Pae_G1a.CEL	2.4883842	0.0	3.8200705	0.0	0.0
GSM838219_PAO1-5344-3_Pae_G1a.CEL	2.314305	0.0	3.5328443	0.0	0.0
GSM838220_PAO1-5344-4_Pae_G1a.CEL	2.0268483	0.0	3.5415437	0.0	0.0
GSM842839_Wright_1_WT-log-1_Pae_G1a.CEL	3.4809308	3.540865	0.0	0.0	0.0
GSM842840_Wright_2_WT-log-2_Pae_G1a.CEL	3.106421	3.2716746	0.0	0.0	0.0
GSM842841_Wright_3_WT-log-3_Pae_G1a.CEL	3.8710656	2.9358635	0.0	0.0	0.0
GSM842842_Wright_4_WT-stat-1_Pae_G1a.CEL	5.061541	0.60359704	0.7931867	0.0	0.0
GSM842843_Wright_5_WT-stat-2_Pae_G1a.CEL	2.4078364	0.0	0.0	0.0	0.0
GSM842844_Wright_6_WT-stat-3_Pae_G1a.CEL	4.018221	0.18526238	0.58264214	0.0	0.0
GSM842845_Wright_7_4203-log-1_Pae_G1a.CEL	4.459835	4.1731524	0.0	0.0	0.0
GSM842846_Wright_8_4203-log-2_Pae_G1a.CEL	4.518487	4.1197705	0.0	0.0	0.0
GSM842847_Wright_9_4203-log-3_Pae_G1a.CEL	4.059899	3.250359	0.0	0.0	0.0
GSM842848_Wright_10_4203-stat-1_Pae_G1a.CEL	3.3617387	0.0	2.4670074	0.0	0.0
GSM842849_Wright_11_4203-stat-2_Pae_G1a.CEL	3.5390515	0.0	2.4538531	0.0	0.0
GSM842850_Wright_12_4203-stat-3_Pae_G1a.CEL	3.4322057	0.0	2.7365904	0.0	0.0
GSM854792.CEL	0.0	0.0	0.67839694	0.0	0.23243836
GSM854793.CEL	0.0	0.0	0.0	0.0	0.0
GSM854794.CEL	0.0	0.0	0.0	0.0	0.0
GSM854795.CEL	0.0	0.0	0.0	0.0	0.0
GSM854796.CEL	0.0	0.0	1.4594035	0.0	0.0
GSM854797.CEL	0.0	0.0	0.0	0.0	0.0
GSM854798.CEL	0.0	0.0	0.5133065	0.0	0.0
GSM854799.CEL	0.0	0.0	0.0	0.0	0.0
GSM854800.CEL	0.0	0.0	0.31639236	0.0	0.107637286
GSM854801.CEL	0.0	0.0	0.0	0.0	0.0
GSM856031_PA01.CEL	0.0	0.0	0.9084975	0.0	0.0
GSM856032_PA01+V12.CEL	0.0	0.0	3.0137591	1.7467856	0.08672029
GSM864516.CEL	0.0	0.0	3.3517115	1.6079057	2.3811374
GSM864517.CEL	0.0	0.0	3.3990488	1.4007068	2.2444954
GSM864518.CEL	0.0	0.0	2.8588212	0.7895159	0.94870543
GSM864519.CEL	0.0	0.0	3.0023596	0.31489116	0.0
GSM864520.CEL	0.0	0.0	3.3919342	0.4717481	0.0
GSM864521.CEL	0.0	0.0	3.6177807	0.60580033	0.046616673
GSM865129_schurr_5511_Pae_G1a_.CEL	0.0	0.0	0.0	0.0	0.0
GSM865130_schurr_5511_1_Pae_G1a_.CEL	0.0	0.0	0.0	0.0	0.0
GSM865131_schurr_5511_3_Pae_G1a_.CEL	0.0	0.0	0.0	0.0	0.0
GSM871963.CEL	1.670682	0.0	1.7864926	0.0	0.0
GSM871964.CEL	1.698555	0.0	1.7352657	0.0	0.0
GSM871965.CEL	1.3539976	0.0	1.3686893	0.0	0.0
GSM871966.CEL	1.6821396	0.0	1.8565686	0.0	0.0
GSM871967.CEL	0.0	0.0	0.0	0.0	0.0
GSM871968.CEL	0.5212292	2.226932	0.0	0.664744	0.0
GSM871969.CEL	0.49880838	2.0735474	0.0	0.5538224	0.0
GSM871970.CEL	0.3529578	2.271676	0.0	0.4927842	0.0
GSM871971.CEL	0.0	0.0	0.0	0.0	0.0
GSM871972.CEL	0.0	0.0	0.0	0.0	0.0
GSM871973.CEL	0.0	0.0	0.0	0.0	0.0
GSM871974.CEL	0.0	0.0	0.0	0.0	0.0
GSM871975.CEL	0.0	0.7942649	0.0	0.0	0.0
GSM871976.CEL	0.0	0.66595757	0.0	0.0	0.0
GSM871977.CEL	0.0	0.28076518	0.0	0.0	0.0
GSM871978.CEL	0.0	0.9278201	0.0	0.0	0.0
GSM897995_MHH0094_Pae_G1a.CEL	0.0	0.0	2.9898195	1.2870022	0.60139656
GSM897996_MHH0095_Pae_G1a.CEL	0.0	0.0	3.1016524	1.1440116	0.724614
GSM897997_MHH0106_Pae_G1a.CEL	0.0	0.0	3.4683254	3.4662356	0.618279
GSM897998_MHH0107_Pae_G1a.CEL	0.0	0.0	2.9623132	4.0877337	0.9852179
GSM897999_MHH0110_Pae_G1a.CEL	0.45883763	0.3784605	1.2967447	4.6165085	1.9291936
GSM898000_MHH0111_Pae_G1a.CEL	0.09584236	0.0	2.3388846	4.4748726	1.3078065
GSM898001_MHH0122_Pae_G1a.CEL	1.0079148	0.0	4.023749	0.0	2.549148
GSM898002_MHH0123_Pae_G1a.CEL	0.91803277	0.0	4.176036	0.0	2.3853374
GSM900177_F1_Pae_G1a_.CEL	0.0	0.0	0.5786826	0.0	0.0
GSM900178_C1_Pae_G1a_.CEL	0.0	0.0	0.3418534	0.0	0.0
GSM900179_F2_Pae_G1a_.CEL	0.0	0.0	1.1219668	0.0	0.0
GSM900180_C2_Pae_G1a_.CEL	0.0	0.0	0.30929214	0.0	0.0
GSM900181_F3_Pae_G1a_.CEL	0.0	0.0	0.91670614	0.0	0.0
GSM900182_C3_Pae_G1a_.CEL	0.0	0.0	0.8183762	0.0	0.0
GSM92164.CEL	2.906608	0.0	3.949479	0.0	0.0
GSM92165.CEL	3.0471292	0.0	3.3165073	0.0	0.0
GSM92166.CEL	4.5985694	0.0	2.9505742	0.8850723	0.3943201
GSM92167.CEL	4.9041715	0.0	1.6440506	3.0695863	0.46910328
GSM92168.CEL	4.119842	1.6684189	0.0	3.876859	0.7831006
GSM92169.CEL	2.878646	0.0	3.695744	0.0	0.0
GSM92170.CEL	3.5493188	0.0	3.7450442	0.0	0.14950496
GSM92171.CEL	3.6838183	0.0	3.1615896	0.08252835	0.0036838055
GSM92172.CEL	4.7996593	0.0	1.6820784	3.2392144	0.73189914
GSM92173.CEL	3.7553368	1.7293924	0.0	4.067494	0.9671249
GSM92174.CEL	2.7907097	0.0	3.9143603	0.0	0.0
GSM92175.CEL	2.9187033	0.0	3.8621747	0.0	0.0
GSM92176.CEL	2.63019	0.0	3.7612422	0.0	0.0
GSM92177.CEL	2.498212	0.0	4.046058	0.0	0.024982154
GSM92178.CEL	3.3592167	0.0	3.9671474	0.7743879	0.0
GSM92179.CEL	3.0982523	0.0	3.6044843	1.2510785	0.0
GSM92180.CEL	3.965036	0.0	3.4331472	0.14402843	0.13804981
GSM92181.CEL	4.0678067	0.0	3.1966202	0.08183706	0.37040177
GSM92182.CEL	4.1115966	0.0	3.4529302	1.2941346	0.0
GSM92183.CEL	3.9989305	0.0	3.4597747	1.9183251	0.13561323
GSM92184.CEL	3.0292263	0.0	4.071752	0.0	0.034361422
GSM92185.CEL	3.131579	0.0	4.636302	0.0	0.433582
GSM92186.CEL	4.276711	0.0	1.7681266	3.1020658	0.51760685
GSM92188.CEL	4.996393	0.0	1.8018878	2.291079	0.73391384
GSM92189.CEL	4.6222878	0.0	1.3551782	2.667439	0.33393475
GSM92190.CEL	4.0593452	0.8216425	0.0	3.9073136	0.9592513
GSM92191.CEL	3.6015081	0.6358021	0.0	4.485359	1.0923951
GSM92192.CEL	3.6540036	1.631559	0.0	3.7414181	0.79290974
GSM92193.CEL	3.224649	1.2616388	0.0	4.326439	1.2074444
GSM954576_Nomura_PA01-1_Pae_G1a_.CEL	0.5050316	0.0	2.9335577	0.0	0.0
GSM954577_Nomura_PA01-2_Pae_G1a_.CEL	0.816121	0.0	4.3371716	0.0	0.0
GSM954578_Nomura_PA01-3_Pae_G1a_.CEL	0.8633443	0.0	4.684384	0.0	0.0
GSM954579_Nomura_PA01-4_Pae_G1a_.CEL	0.8166281	0.0	4.420359	0.0	0.0
GSM954580_Nomura_PA2449-1_Pae_G1a_.CEL	1.1877744	0.0	2.3618677	0.0	0.0
GSM954581_Nomura_PA2449-2_Pae_G1a_.CEL	1.5848918	0.0	3.5568678	0.0	0.0
GSM954582_Nomura_PA2449-3_Pae_G1a_.CEL	1.8505274	0.0	3.7315915	0.0	0.0
GSM954583_Nomura_PA2449-4_Pae_G1a_.CEL	1.389078	0.0	3.1389525	0.0	0.0
GSM994496_PAO1-replicate-01.CEL	0.0	0.0	1.7475661	0.0	0.0
GSM994497_PAO1-replicate-02.CEL	0.0	0.0	1.8089565	0.0	0.0
GSM994498_PAO1-replicate-03.CEL	0.0	0.0	1.6050713	0.0	0.0
GSM994499_HM4-replicate-01.CEL	0.0	0.0	0.0	0.0	0.8717251
GSM994500_HM4-replicate-02.CEL	0.0	0.0	0.0	0.0	0.84898937
GSM994501_HM4-replicate-03.CEL	0.0	0.0	0.0	0.0	0.6008214
H_1.CEL	0.0	0.0	0.0	0.0	0.0
H_3.CEL	0.0	0.0	0.0	0.0	0.0
H_5.CEL	0.0	0.0	0.0	0.0	0.0
HH-PA14_7-6-09_7-8-09_s1.CEL	2.2259927	3.9668856	0.0	0.9366753	4.256895
JS-1B4.9.07.CEL	0.0	0.0	0.0	0.0	0.0
JS-A164.9.07.CEL	0.0	0.0	0.0	0.0	0.0
JS-A84.9.07.CEL	0.0	0.0	0.0	0.0	0.0
JS-G164.9.07.CEL	0.0	0.0	0.0	0.0	0.0
JS-G84.18.07.CEL	0.0	0.0	0.0	0.0	0.0
JS-T24.9.07.CEL	0.0	0.0	0.0	0.0	0.0
KP_PA14_5-28_5-30-08_s2.CEL	2.7791247	3.9802017	0.0	0.0	3.04848
L_12.CEL	0.0	0.0	0.0	0.0	0.0
L_13.CEL	0.0	0.0	0.0	0.0	0.0
L_14.CEL	0.0	0.0	0.0	0.0	0.0
MBU_JGOLD_pakA1.CEL	0.0	0.0	2.7144885	0.0	0.0
MBU_JGOLD_pakA2.CEL	0.0	0.0	3.1288385	0.0	0.0
MBU_JGOLD_PAO11.CEL	0.0	0.0	3.5789418	0.0	0.0
MBU_JGOLD_PAO12.CEL	0.0	0.0	2.8849628	0.0	0.0
MBU_PAER_pak1.CEL	4.5601826	0.0	1.0998802	0.0	0.0
MBU_PAER_pak2.CEL	3.6737661	0.0	1.9790473	0.0	0.0
MBU_PAER_PT51.CEL	1.7568983	0.0	0.0	0.0	0.0
MBU_PAER_PT52.CEL	2.6268759	0.0	0.682525	0.0	0.0
MSC_01.CEL	2.74573	5.4388227	0.0	2.120243	1.0250865
MSC_02.CEL	2.2844796	5.1872306	0.0	2.2528243	0.439929
MSC_03.CEL	1.9843931	4.9762535	0.0	2.1717372	1.2692485
MSC_04.CEL	2.5373487	4.7322717	0.0	2.6035967	0.3478083
MSC_05.CEL	2.4546044	4.770471	0.0	1.9655181	1.4483511
MSC_06.CEL	2.6595426	3.0853086	0.0	3.1606688	0.17084828
MSC_07.CEL	2.095841	4.1128826	0.0	2.7122545	0.86678475
MSC_08.CEL	2.794054	2.725872	0.0	3.6258888	0.0
MSC_09.CEL	2.1389322	3.697567	0.0	2.4672942	0.36075053
MSC_10.CEL	3.0962925	2.1647081	0.0	3.773432	0.0
Nag_cDNA_1-30-09_S2.CEL	0.23757613	0.0	3.8391383	0.0	3.0856686
Nag_cDNA_2-26-09_s1.CEL	0.93412304	0.0	3.116037	0.0	4.0411286
Overhage11001_Pae_G1a.CEL	4.414119	0.0	1.7805809	0.7739445	0.79177296
Overhage11002_Pae_G1a.CEL	4.4816723	0.0	2.452835	0.81812394	1.3423219
Overhage5001_Pae_G1a.CEL	4.392135	0.0	1.8178425	0.6706861	0.3745613
Overhage5002_Pae_G1a.CEL	4.5299287	0.0	2.3008025	0.78925914	1.0637658
PA14_3-23-07_s2.CEL	2.3135214	4.282909	0.0	0.10182476	3.456717
PA14-Aro_10-5-07_s2.CEL	2.5986052	4.308551	0.0	0.23539877	3.54285
PA14_cDNA_labeled_4-09-08_S2.CEL	2.9279494	4.0887566	0.0	0.5616648	4.5613856
Pae_Fe02_13.CEL	0.0	0.0	0.0	0.0	0.0
Pae_Fe02_14.CEL	0.0	0.0	0.0	0.0	0.0
Pae_Fe02_15.CEL	0.0	0.0	0.0	0.0	0.0
Pae_Fe03_16.CEL	0.0	0.0	0.0	0.0	0.0
Pae_Fe03_17.CEL	0.0	0.0	0.0	0.0	0.0
Pae_Fe03_18.CEL	0.0	0.0	0.0	0.0	0.0
Pae_noFe_10.CEL	0.0	0.0	0.0	0.0	0.0
Pae_noFe_11.CEL	0.0	0.0	0.0	0.0	0.0
Pae_noFe_12.CEL	0.0	0.0	0.0	0.0	0.0
Tob1_aerobic_wdh_Pae_G1a.CEL	0.0	1.0938339	1.0983698	0.0	0.0
Tob1_anaerobic_Pae_G1a.CEL	0.0	3.3550081	0.0	0.0	0.0
Tob2_aerobic_wdh_Pae_G1a.CEL	0.0	1.0894845	1.0443611	0.0	0.0
Tob2_anaerobic_Pae_G1a.CEL	0.0	3.439211	0.0	0.0	0.0
Tob3aerobic_Pae_G1a.CEL	0.0	1.3031232	1.3899369	0.0	0.0
Tob3_anaerobic_Pae_G1a.CEL	0.0	3.1789904	0.0	0.0	0.0
TUBS0088.CEL	0.7949055	0.0	3.136535	0.0	0.0
TUBS0089.CEL	0.8340992	0.0	3.2617164	0.0	0.0
TUBS0090.CEL	1.3261613	0.0	2.675469	0.0	0.20393091
TUBS0091.CEL	0.2918743	0.0	2.231693	0.0	0.0
TUBS0092.CEL	0.054396868	0.0	1.5329671	0.0	0.0
TUBS0093.CEL	0.4366027	0.0	2.1876152	0.0	0.0
TUBS0094.CEL	0.0	0.0	0.625723	0.0	0.0
TUBS0095.CEL	0.29449236	0.0	1.4053669	0.0	0.0
TUBS0096.CEL	0.3329348	0.0	1.3202803	0.0	0.0
Van_Delden_Kohler_0311_BAL6_1.CEL	2.4448502	0.0	3.424841	0.0	0.0
Van_Delden_Kohler_0311_BAL6+_1.CEL	2.6420622	0.0	2.9637516	0.0	0.0
Van_Delden_Kohler_0311_BAL6_2.CEL	2.4336333	0.0	3.5887818	0.0	0.0
Van_Delden_Kohler_0311_BAL6+_2.CEL	2.669685	0.0	2.95114	0.0	0.0
Van_Delden_Kohler_0311_BAL6_3.CEL	1.7094072	0.0	3.5118008	0.0	0.0
Van_Delden_Kohler_0311_BAL6+_3.CEL	2.2121274	0.0	3.0966368	0.0	0.0
Van_Delden_Kohler_0311_PT5_1.CEL	3.029779	0.0	2.6415403	0.0	0.0
Van_Delden_Kohler_0311_PT5_2.CEL	3.762734	0.0	2.5111222	0.0	0.0
Van_Delden_Kohler_0311_PT5_3.CEL	3.8517447	0.0	2.7926502	0.6824559	0.1387608
WT12935-18-05.CEL	1.5046232	1.9081436	0.0	3.9200168	0.51567686
WT12935-4-05.CEL	1.5597047	1.6856781	0.0	4.281925	0.22634369
