	1	2	3
05_PA14000-4-2_5-10-07_S2.CEL	3.9147406	4.145901	0.0
54375-4-05.CEL	0.20532918	5.550631	0.0
AKGlu_plus_nt_7-8-09_s1.CEL	3.7535717	3.2573428	0.26059735
anaerobic_NO3_1.CEL	0.0	0.0	3.2265134
anaerobic_NO3_2.CEL	0.0	0.0	3.4239435
control1aerobic_Pae_G1a.CEL	0.3775671	0.0	1.1733935
control1_anaerobic_Pae_G1a.CEL	2.1103213	0.0	0.0
control2aerobic_Pae_G1a.CEL	0.0	0.0	1.1850758
control2_anaerobic_Pae_G1a.CEL	1.9800365	0.0	0.0
control3aerobic_Pae_G1a.CEL	0.43666	0.0	1.5644422
control3_anaerobic_Pae_G1a.CEL	1.7960596	0.0	0.0
DB1.CEL	0.0	0.29529515	0.0
DB3.CEL	0.0	0.0	0.0
DC1.CEL	0.40821946	2.9428735	0.90073323
DC2.CEL	0.29836854	2.3415575	0.4521358
DC3.CEL	0.0	1.1280475	0.0
dPA54375-18-05.CEL	0.524683	4.952114	0.0
fos1aerobic_Pae_G1a.CEL	0.1742143	0.0	0.9515667
fos1_anaerobic_Pae_G1a.CEL	1.1142352	0.0	0.0
fos2aerobic_Pae_G1a.CEL	0.0	0.0	0.5760851
fos2_anaerobic_Pae_G1a.CEL	1.5229135	0.0	0.2810585
Fos3_aerobic_wdh_Pae_G1a.CEL	0.0	0.0	0.0
fos3_anaerobic_Pae_G1a.CEL	1.280989	0.0	0.0
FT1aerobic_Pae_G1a.CEL	0.06746647	0.0	0.53322756
FT1_anaerobic_Pae_G1a.CEL	1.5027614	0.0	0.0
FT2_aerobic_wdh_Pae_G1a.CEL	0.0	0.0	0.24693942
FT2_anaerobic_Pae_G1a.CEL	1.6433053	0.0	0.0
FT3aerobic_Pae_G1a.CEL	0.0	0.0	0.26832044
FT3_anaerobic_Pae_G1a.CEL	1.9478114	0.0	0.0
glu_plus_nt_2_8-25-09_s2.CEL	3.7529347	3.2971106	0.1901282
GPphhRminus_11-30-09_12-3-09_s1.CEL	4.2186656	4.1682916	0.0
GPphhRminus_11-4-09_s2.CEL	3.7052765	4.169152	0.0
GSM1027584_062508WT.CEL	0.0	2.4082298	2.7731276
GSM1027585_071008WT.CEL	0.0	3.0425172	3.1042762
GSM1027586_062508plcHR.CEL	0.0	0.24113867	3.9968657
GSM1027587_071008plcHR.CEL	0.0	0.0	4.84072
GSM1027588_062508gbdR.CEL	0.0	0.7597267	3.8996034
GSM1027589_071008gbdR.CEL	0.0	0.63106364	4.382044
GSM1067456_PAO1_CK_1.CEL	0.0	3.620111	3.2686687
GSM1067457_PAO1_PAA_1.CEL	0.0	4.0364566	2.7431846
GSM1067458_PAO1_CK_2.CEL	0.0	2.4174309	3.4067569
GSM1067459_PAO1_PAA_2.CEL	0.0	3.0146003	3.1354795
GSM1112046_PGAS_25_1A.CEL	0.0	0.0	0.0
GSM1112047_PGAS_25_2A.CEL	0.0	0.0	0.0
GSM1112048_PGAS_25_4A.CEL	0.0	0.0	0.0
GSM1112049_PGAS_37_1B.CEL	0.0	0.0	0.0
GSM1112050_PGAS_37_2B.CEL	0.0	0.0	0.26078743
GSM1112051_PGAS_37_3A.CEL	0.0	0.0	1.2139202
GSM1133186_Weiqing_He_L-Glu-1_021810.CEL	0.42372605	5.9399195	1.0016942
GSM1133187_Weiqing_He_L-Arg-1_021810.CEL	0.60284245	5.413397	1.1018043
GSM1133188_Weiqing_He_D-Glu-1_021810.CEL	0.23829019	5.6374884	1.6139426
GSM1133189_Weiqing_He_L-Glu-2_022410.CEL	1.6388416	5.5312324	0.07352221
GSM1133190_Weiqing_He_L-Arg-2_022410.CEL	2.4437475	5.363823	0.24548972
GSM1133191_Weiqing_He_D-Glu-2_022410.CEL	0.8058356	4.0955224	3.315733
GSM1146022_pJN105_1.CEL	3.406675	3.3403282	0.0
GSM1146023_pJN105_2.CEL	2.0714056	2.2374392	0.0
GSM1146024_phaF_1.CEL	2.2935762	2.2174313	0.0
GSM1146025_phaF_2.CEL	3.2793427	3.5281782	0.0
GSM1177842_PAO1-1.CEL	0.0	0.0	5.404326
GSM1177843_PAO1-2.CEL	0.0	0.0	5.188627
GSM1177844_PAO1-3.CEL	0.0	0.0	5.0192246
GSM1177845_PAO1-AMV-1.CEL	0.0	0.0	4.7472806
GSM1177846_PAO1-AMV-2.CEL	0.0	0.0	5.065492
GSM1177847_PAO1-AMV-3.CEL	0.0	0.0	4.7243333
GSM1181847_gc_WT1_1.CEL	0.0	2.301896	3.1745849
GSM1181848_gc_WT2_3.CEL	0.0	2.5719984	3.7029376
GSM1181849_gc_Delta1_2.CEL	0.0	1.8526884	3.5307202
GSM1181850_gc_Delta2_4.CEL	0.0	2.850903	3.1740022
GSM1191066_sphR-pyr-1.CEL	0.0	0.0	1.7342405
GSM1191067_sphR-pyr-2.CEL	0.0	0.0	1.8887594
GSM1191068_sphR-surf-1.CEL	0.0	0.8555628	1.5235552
GSM1191069_sphR-surf-2.CEL	0.0	1.8240913	0.9303739
GSM1191070_WT-pyr-1.CEL	0.0	0.60788584	1.355416
GSM1191071_WT-pyr-2.CEL	0.0	0.0	1.7674737
GSM1191072_WT-surf-1.CEL	0.0	0.50266826	1.8324137
GSM1191073_WT-surf-2.CEL	0.0	2.1751828	0.36422908
GSM1206643_WT-PYR-1.CEL	0.0	0.0	0.18957853
GSM1206644_WT-PYR-2.CEL	0.0	0.0	0.095553815
GSM1206645_WT-CHO-1.CEL	0.0	0.0	0.107022464
GSM1206646_WT-CHO-2.CEL	0.0	0.0	0.0
GSM1206647_WT-DTC-1.CEL	0.0	0.0	0.0
GSM1206648_WT-DTC-2.CEL	0.0	0.0	0.0
GSM1206649_WT-ETC-1.CEL	0.0	0.0	0.0
GSM1206650_WT-ETC-2.CEL	0.0	0.0	0.0
GSM1206651_WT-PRC-1.CEL	0.0	0.0	0.0
GSM1206652_WT-PRC-2.CEL	0.0	0.0	0.0
GSM1206653_dgcA-CHO-1.CEL	0.0	0.0	0.0
GSM1206654_dgcA-CHO-2.CEL	0.0	0.0	0.0
GSM1237734_M9_H103_2_51059600653056031211409890238138.CEL	0.0	2.4403734	3.4084115
GSM1237735_M9_H103_3_51059600653061050411410396750551.CEL	0.0	2.4295886	3.2963285
GSM1237736_M9_H103_4_51059600653061050411410396750502.CEL	0.0	3.8539925	3.115508
GSM1237737_M9_PAOSX_1_51059600653060050411410396750419.CEL	0.0	4.3034444	2.048596
GSM1237738_M9_PAOSX_3_51059600653060050411410396750359.CEL	0.0	4.2950563	2.308309
GSM1237739_M9_PAOSX_4_51059600653061050411410396750526.CEL	0.0	3.8348513	2.3575325
GSM1244967_PAO1-22-replicate-01.CEL	0.0	0.0	1.5736855
GSM1244968_PAO1-22-replicate-02.CEL	0.0	0.0	1.4071984
GSM1244969_PAO1-22-replicate-03.CEL	0.0	0.0	1.7205899
GSM1244970_PAO1-37-replicate-01.CEL	0.0	0.0	1.7403146
GSM1244971_PAO1-37-replicate-02.CEL	0.0	0.0	1.9119965
GSM1244972_PAO1-37-replicate-03.CEL	0.0	0.0	1.5742145
GSM1267086_HZI1981_G1a.CEL	0.0	0.76202965	3.5185862
GSM1267087_HZI1950_Pae_G1a.CEL	0.0	0.89241093	4.5083227
GSM1267088_HZI1951_Pae_G1a.CEL	0.0	1.736423	3.1645188
GSM1267089_HZI1952_Pae_G1a.CEL	0.0	1.6442945	3.6677532
GSM1267090_HZI1953a_Pae_G1a.CEL	0.0	1.7109554	3.4492178
GSM1267091_HZI1954_Pae_G1a.CEL	0.0	0.48842308	3.7050247
GSM1267092_HZI1955_Pae_G1a.CEL	0.8936902	4.165542	2.7763984
GSM1267093_HZI1956_Pae_G1a.CEL	0.0	0.66632384	3.440184
GSM1267094_HZI1958_Pae_G1a.CEL	0.0	0.7217499	2.1993232
GSM1267095_HZI1959_Pae_G1a.CEL	0.0	0.16971546	1.4216549
GSM1267096_HZI1960a_Pae_G1a.CEL	0.0	2.222455	3.0291553
GSM1267097_HZI1961_Pae_G1a.CEL	0.0	2.7108746	2.2204137
GSM1267098_HZI1962_Pae_G1a.CEL	0.0	3.6976123	2.1266441
GSM1267099_HZI1963_Pae_G1a.CEL	0.0	3.696588	1.503238
GSM1267100_HZI1966_Pae_G1a.CEL	0.0	1.5966842	4.1397476
GSM1267101_HZI1967_Pae_G1a.CEL	0.0	0.24254009	1.8359622
GSM1267102_HZI1968_Pae_G1a.CEL	0.0	2.0153823	3.8385978
GSM1267103_HZI1969_Pae_G1a.CEL	0.0	1.9290926	4.0945616
GSM1267104_HZI1970_Pae_G1a.CEL	0.0	2.0592237	4.0405483
GSM1267105_HZI1971_Pae_G1a.CEL	0.0	1.807254	3.9676213
GSM1267106_HZI1972_Pae_G1a.CEL	0.0	1.8214272	3.9040475
GSM1267107_HZI1973_Pae_G1a.CEL	0.0	1.8630807	3.894652
GSM1267108_HZI1974_G1a.CEL	0.0	1.5900592	3.7615066
GSM1267109_HZI1975_G1a.CEL	0.0	1.4413712	3.467997
GSM1267110_HZI1976_G1a.CEL	0.0	0.6976705	2.49297
GSM1267111_HZI1977_G1a.CEL	0.0	0.80154514	2.7532225
GSM1267112_HZI1978_G1a.CEL	0.0	1.613523	3.5826755
GSM1267113_HZI1979_G1a.CEL	0.0	1.7188215	3.6063724
GSM155231.CEL	0.0	5.116705	0.3573446
GSM155239.CEL	0.36493474	4.660743	0.0
GSM155240.CEL	2.247065	5.2359443	0.084481
GSM155241.CEL	1.9822302	5.0786934	0.6916171
GSM155242.CEL	2.0124242	5.818137	0.0
GSM155243.CEL	0.9075612	5.727057	0.034495115
GSM155244.CEL	3.4053197	4.865075	0.0
GSM155245.CEL	3.331463	5.2829623	0.0
GSM156153.CEL	0.0	3.7753687	0.86828446
GSM156154.CEL	0.0	0.0	0.0
GSM156155.CEL	0.0	3.7080421	0.53342503
GSM156156.CEL	0.0	3.0951972	0.0
GSM156157.CEL	0.0	3.8891873	0.13945973
GSM156158.CEL	0.27583915	4.5933394	0.17208362
GSM156172.CEL	0.995901	2.6375196	0.0
GSM156173.CEL	0.93988776	3.2114444	0.0
GSM156174.CEL	0.0	1.0756826	2.8081894
GSM156175.CEL	0.0	0.7982677	3.1156912
GSM175247.CEL	0.0	0.0	1.8370157
GSM175248.CEL	0.0	0.0	0.026169956
GSM177216.CEL	0.0	2.5546799	3.9900656
GSM177218.CEL	0.0	0.64574546	3.1828566
GSM187265.CEL	0.0	1.3985175	2.3941197
GSM187266.CEL	0.9821334	3.2639346	0.6057016
GSM187267.CEL	0.07077962	3.0425854	2.7137856
GSM187270.CEL	1.2087071	0.0	0.64739186
GSM187281.CEL	1.6613815	1.3012936	1.2081454
GSM187282.CEL	1.3941184	0.0	0.0
GSM187283.CEL	1.2207879	0.0	0.0
GSM187284.CEL	0.3856143	0.0	0.0
GSM197237.CEL	0.0	3.3020678	3.375362
GSM197238.CEL	0.0	0.0	0.0
GSM198186.CEL	0.0	3.1843772	2.6331892
GSM198187.CEL	0.0	3.285511	2.5666885
GSM198188.CEL	0.18806267	1.9360943	1.08194
GSM198189.CEL	0.0	1.5988209	2.7959552
GSM198190.CEL	1.274537	3.7881284	2.1314788
GSM198191.CEL	1.3141365	2.9450216	2.5785115
GSM199982.CEL	0.0	0.34722912	4.2826695
GSM199983.CEL	0.0	0.32509843	4.129861
GSM199984.CEL	0.0	1.4458172	2.8803825
GSM199985.CEL	0.0	1.6983609	3.149675
GSM199986.CEL	0.0	1.5613761	2.9757318
GSM208602.CEL	0.0	3.868225	1.4406114
GSM208603.CEL	0.36616653	4.7323723	0.72165215
GSM208604.CEL	0.0	3.723349	0.43947998
GSM208605.CEL	2.4135654	4.255407	0.0
GSM208606.CEL	0.5037682	2.7905502	0.0
GSM208607.CEL	0.92181873	2.1984015	0.012449563
GSM208608.CEL	1.1328821	4.0902905	0.0
GSM208609.CEL	0.71999985	3.2177958	0.0
GSM208610.CEL	3.4888015	3.238244	0.0
GSM208611.CEL	1.3771724	3.954092	0.05977243
GSM208612.CEL	1.939513	3.7376456	0.0
GSM208613.CEL	0.29956138	3.747964	0.0
GSM208614.CEL	0.0023878217	4.389665	0.0
GSM208615.CEL	0.0	3.418655	0.0
GSM208616.CEL	0.0	4.784168	0.0
GSM208617.CEL	0.0	5.5294228	0.0
GSM208618.CEL	0.0	4.6444645	0.8256258
GSM208619.CEL	0.0	4.083653	0.0
GSM208620.CEL	0.0	4.033348	0.0
GSM208621.CEL	0.0	5.9848638	0.21422154
GSM234928.CEL	0.0	0.35253245	3.3321567
GSM234929.CEL	0.0	0.0	0.0
GSM242671.CEL	1.0131407	0.35985854	3.4439607
GSM242676.CEL	3.3825722	2.756958	0.026465476
GSM242677.CEL	0.56408346	0.0	3.5454674
GSM243221.CEL	2.7516127	2.9958706	0.0
GSM243222.CEL	0.9315379	3.8564143	0.34926885
GSM243223.CEL	0.4285465	4.3968406	0.0
GSM243224.CEL	0.0	4.714539	0.0
GSM244065.CEL	0.0	1.72611	3.9201865
GSM244066.CEL	0.0	1.7244954	3.916501
GSM244067.CEL	0.0	1.78805	3.740128
GSM244068.CEL	0.0	1.6713171	3.6434383
GSM244069.CEL	0.0	2.0413468	3.3487601
GSM244070.CEL	0.0	1.8301055	3.5203085
GSM244071.CEL	0.0	2.568464	3.85365
GSM244072.CEL	0.0	2.9546428	3.2681499
GSM251201.CEL	2.0595222	4.687012	0.46455574
GSM251202.CEL	1.7811985	4.8295836	0.0
GSM251203.CEL	0.51000834	3.8015676	0.0
GSM251204.CEL	0.8410555	5.4172764	0.0
GSM251205.CEL	2.2391636	4.9356284	0.0
GSM251206.CEL	1.3416017	4.9574065	0.0
GSM252496.CEL	1.0418434	2.13792	0.0
GSM252501.CEL	1.1271567	2.6180935	0.0
GSM252505.CEL	1.2166873	2.6948404	0.0
GSM252506.CEL	1.0725524	0.0	0.0
GSM252507.CEL	1.429935	0.0	0.0
GSM252508.CEL	0.0	0.0	0.0
GSM252559.CEL	0.0	0.0	3.4253492
GSM252560.CEL	0.0	0.0	4.016853
GSM252561.CEL	0.0	0.0	3.7076821
GSM252562.CEL	0.0	0.03825444	3.9876266
GSM254432.CEL	0.0	1.0313251	4.5923643
GSM261915.CEL	0.0	0.0	0.0
GSM261916.CEL	0.0	0.0	0.0
GSM261917.CEL	0.0	0.0	0.0
GSM261918.CEL	0.034070373	0.0	0.3850619
GSM261919.CEL	0.0	0.0	0.0
GSM261920.CEL	0.0	0.0	0.0
GSM261921.CEL	1.3047886	0.0	0.0
GSM261922.CEL	1.8587816	1.574421	1.7851468
GSM261923.CEL	2.3384712	0.1605534	0.12702966
GSM261924.CEL	2.6227372	1.3696418	1.091321
GSM261925.CEL	1.7764599	0.0	2.1204886
GSM261926.CEL	3.5483825	1.398846	0.9734215
GSM261927.CEL	2.022787	0.03718692	2.2198973
GSM261928.CEL	1.2722955	0.0	2.4896793
GSM261929.CEL	3.3129053	0.5682798	1.977901
GSM261930.CEL	0.417141	0.0	0.0
GSM261931.CEL	3.2979033	0.6154657	1.5066175
GSM261932.CEL	2.818131	0.0	0.0
GSM261933.CEL	0.7971157	0.0	0.8238342
GSM261934.CEL	1.3430365	0.0	1.021873
GSM261935.CEL	3.0331779	0.8962065	0.4359979
GSM261936.CEL	3.217134	0.27926224	1.1205957
GSM261937.CEL	3.1405659	0.5368911	1.0468264
GSM261938.CEL	3.749302	0.8945718	0.76902556
GSM267248.CEL	0.0	3.3558946	0.0
GSM267249.CEL	0.0	3.2736678	0.0
GSM267250.CEL	0.31570464	4.1068563	0.0
GSM267251.CEL	0.42797035	3.7045279	0.0
GSM267252.CEL	0.0	1.6743343	0.0
GSM267253.CEL	0.0	2.2099123	0.0
GSM267254.CEL	0.0	3.31488	0.0
GSM267255.CEL	0.0	3.6031218	0.0
GSM267256.CEL	0.0	0.053483605	0.96309376
GSM267257.CEL	0.0	0.0	0.07499468
GSM267258.CEL	0.0	0.91446805	2.030779
GSM267259.CEL	0.0	0.6824364	1.5906193
GSM290747.CEL	0.09086335	5.525103	0.47518834
GSM290748.CEL	0.0635736	5.197006	0.37171167
GSM290749.CEL	0.0	1.9651159	2.2626555
GSM290750.CEL	0.0	1.8435218	1.7593765
GSM290751.CEL	0.1424337	2.128193	1.5558555
GSM290752.CEL	0.0	2.1769447	2.1503873
GSM307112.CEL	1.2174633	3.8065119	0.0
GSM307113.CEL	1.3014232	4.038433	0.0
GSM307114.CEL	1.6397247	4.694195	0.031294107
GSM307115.CEL	0.0	0.0	2.4138932
GSM307116.CEL	0.0	0.0	1.0427579
GSM307117.CEL	0.0	0.0	1.1972094
GSM307118.CEL	0.22987363	4.089157	2.027599
GSM307119.CEL	0.617829	4.856769	1.4010885
GSM307120.CEL	0.5604946	4.7489157	1.3739979
GSM307121.CEL	0.0	0.07825589	2.0760694
GSM307122.CEL	0.0	0.0	2.0002506
GSM307123.CEL	0.0	0.0	2.4649298
GSM307124.CEL	0.0	1.9525067	0.61058855
GSM307125.CEL	0.0	1.9825562	0.68208134
GSM307126.CEL	0.0	2.2754588	1.5754983
GSM307134.CEL	0.0	1.7489568	3.915524
GSM307135.CEL	0.0	0.88824654	3.7577949
GSM318398.CEL	0.0	0.0	0.12439847
GSM318399.CEL	0.0	0.1258508	0.0
GSM318400.CEL	0.0	0.0	1.7487026
GSM318401.CEL	0.0	0.0	0.0
GSM318402.CEL	0.0	0.0	0.0
GSM318403.CEL	0.0	0.0	0.0
GSM318404.CEL	0.31473356	0.026797831	0.0
GSM318405.CEL	0.1651133	0.0	0.0
GSM318406.CEL	0.0	0.0	0.0
GSM318407.CEL	0.0	0.0	0.0
GSM318408.CEL	0.0	0.0	1.328368
GSM318409.CEL	0.0	0.0	0.0
GSM318716.CEL	1.0341339	0.16569656	3.9534297
GSM334310.CEL	1.0030017	6.1262617	0.0
GSM334311.CEL	2.1310894	5.209756	0.0
GSM334312.CEL	0.6686082	4.5207076	0.0
GSM334313.CEL	0.0	4.559905	0.0
GSM334314.CEL	1.3175948	5.1483016	0.0
GSM334315.CEL	0.9196681	5.111588	0.0
GSM335182.CEL	0.0	0.0	0.0
GSM335183.CEL	0.0	0.0	0.0
GSM349042.CEL	0.48520544	0.0	1.4264829
GSM349045.CEL	1.4798706	0.65645367	3.726945
GSM349047.CEL	1.4948764	0.44975704	4.017402
GSM349048.CEL	1.2115191	0.25562212	2.7324834
GSM356953.CEL	0.0	0.12551713	0.0
GSM356954.CEL	0.0	0.22377181	0.0
GSM356955.CEL	0.0	0.29335257	0.0
GSM356956.CEL	0.0	0.0	0.0
GSM356957.CEL	0.0	0.0	0.0
GSM356958.CEL	0.0	0.0	0.0
GSM356959.CEL	0.0	0.0	0.0
GSM356960.CEL	0.0	0.0	0.0
GSM356961.CEL	0.0	0.0	0.0
GSM366976.CEL	0.7219379	0.4194509	4.409366
GSM366977.CEL	0.0	0.0	3.8099442
GSM375702.CEL	1.4321659	3.9173107	1.9000553
GSM375703.CEL	1.518271	4.142116	1.1781185
GSM393044.CEL	0.0	2.1818128	2.6582139
GSM393045.CEL	0.0	2.3562787	3.299264
GSM424829.CEL	0.0	0.0	0.0
GSM424830.CEL	0.0	0.0	0.0
GSM424831.CEL	0.0	0.0	0.0
GSM424832.CEL	0.0	0.0	0.0
GSM424833.CEL	0.0	0.0	0.0
GSM424834.CEL	0.0	0.0	0.0
GSM424835.CEL	0.0	0.0	0.0
GSM424836.CEL	0.0	0.0	0.0
GSM429472.CEL	0.8836224	2.3940399	0.0
GSM429475.CEL	0.51958007	1.122221	0.0
GSM429476.CEL	0.0	0.21475852	0.0
GSM429477.CEL	0.0	0.0	0.0
GSM429478.CEL	0.0	0.0	0.0
GSM429479.CEL	0.0	0.0	0.0
GSM429480.CEL	0.0	1.283842	0.0
GSM429481.CEL	0.0	1.139555	0.0
GSM432860.CEL	2.15812	5.4571185	0.0
GSM432861.CEL	2.357397	5.4343467	0.0
GSM432862.CEL	2.348131	5.0422487	0.0
GSM432863.CEL	1.839366	4.9113913	0.0
GSM432864.CEL	3.2967672	4.9794903	0.0
GSM432865.CEL	3.524956	4.7134423	0.0
GSM432866.CEL	0.0	3.2126808	2.5340765
GSM432867.CEL	0.0	4.088808	2.324874
GSM432868.CEL	0.0	3.9181142	1.798058
GSM432869.CEL	0.0	2.864428	3.5904274
GSM432870.CEL	0.0	1.5878456	3.946128
GSM432871.CEL	0.0	2.3602204	3.7311172
GSM45588.CEL	0.0	0.0	0.0
GSM45589.CEL	0.0	0.0	0.0
GSM45590.CEL	0.0	0.0	0.0
GSM45591.CEL	0.0	0.0	0.0
GSM462061.CEL	0.0	0.0	0.0
GSM462062.CEL	0.461559	0.0	0.0
GSM462063.CEL	0.0	0.0	3.745098
GSM462064.CEL	0.0	1.9618108	3.142743
GSM462352.CEL	0.50705975	1.1032706	0.92973155
GSM462353.CEL	2.558328	1.9221424	3.2570014
GSM462354.CEL	1.4026711	2.79563	3.4859357
GSM462355.CEL	1.6292286	2.1937318	3.3810806
GSM537320.CEL	0.0	0.0	0.0
GSM537321.CEL	0.0	0.0	0.0
GSM541640.CEL	3.2249804	3.6159086	0.0
GSM541641.CEL	3.306233	3.6463442	0.0
GSM541642.CEL	0.0	0.56246245	3.147112
GSM541643.CEL	0.0	0.0	3.1537805
GSM541644.CEL	0.03864956	1.8663834	1.8958647
GSM541645.CEL	0.0	1.6531662	2.286497
GSM541646.CEL	0.0	0.0	0.0
GSM541647.CEL	0.0	0.0	0.0
GSM541648.CEL	0.0	0.0	3.9401622
GSM541649.CEL	0.0	0.0	3.992807
GSM546244.CEL	3.9622238	4.012624	0.0
GSM546245.CEL	4.146695	4.165723	0.0
GSM546246.CEL	3.986753	3.940021	0.0
GSM546247.CEL	4.091622	3.9500608	0.0
GSM546248.CEL	4.0982704	3.6871872	0.0
GSM546249.CEL	4.150975	3.7340283	0.0
GSM546250.CEL	3.573592	3.2009978	0.61686635
GSM546251.CEL	3.6195445	3.1606855	0.29067385
GSM546252.CEL	4.4418764	3.4512901	0.0
GSM546253.CEL	4.0425367	3.516491	0.0
GSM546254.CEL	4.5277133	3.9077182	0.0
GSM546255.CEL	3.5994163	3.467534	0.0
GSM546256.CEL	3.6873496	2.112917	0.6053139
GSM546257.CEL	3.8829517	2.588161	0.0
GSM546258.CEL	4.5398774	2.2394235	0.13492715
GSM546259.CEL	3.9018393	2.2497325	0.0
GSM546260.CEL	4.8860955	2.4319897	0.0
GSM546261.CEL	3.9350994	2.142208	0.0
GSM546262.CEL	4.557591	1.2024412	0.04543823
GSM546263.CEL	3.78612	0.6253247	0.0
GSM546264.CEL	4.261837	1.1083907	0.0
GSM546265.CEL	4.8860674	1.256717	0.0
GSM546266.CEL	4.103398	0.33989933	0.8027574
GSM546267.CEL	4.1860147	1.6300799	0.0
GSM546268.CEL	2.6282506	3.5208163	0.0
GSM546269.CEL	3.7655787	4.4316115	0.0
GSM546270.CEL	2.2916868	3.3176584	0.0
GSM546271.CEL	2.1838708	3.9859715	0.028491735
GSM546272.CEL	3.7287436	3.4073424	0.0
GSM546273.CEL	3.8874516	3.5087323	0.0
GSM546274.CEL	4.778831	1.6932867	0.0
GSM546275.CEL	4.0514894	1.4430492	0.0
GSM546276.CEL	4.3534226	0.5818154	0.05932045
GSM546277.CEL	4.3431582	0.57755995	0.0
GSM546278.CEL	4.410357	4.1622763	0.0
GSM546279.CEL	4.247125	3.9563446	0.0
GSM546280.CEL	1.5196184	5.552941	0.0
GSM546281.CEL	3.7463517	4.938713	0.0
GSM551147.CEL	0.0	0.0	0.12439847
GSM551148.CEL	0.0	0.1258508	0.0
GSM551149.CEL	0.0	0.0	1.7487026
GSM551150.CEL	0.0	0.0	0.0
GSM551151.CEL	0.0	0.0	0.0
GSM551152.CEL	0.0	0.0	0.0
GSM560754.CEL	0.0	0.21156037	1.537928
GSM560755.CEL	0.050621122	4.012367	0.92971873
GSM560756.CEL	0.0	0.12808466	0.14920938
GSM560757.CEL	0.0	0.0	0.17594963
GSM560758.CEL	0.0	0.0	0.3179996
GSM560759.CEL	0.0	0.0	0.0
GSM562109_PAK_GI_colonization_2_6-9-04.CEL	1.4400134	2.827095	0.0
GSM562110_PAK_GI_colonization_4_6-9-04.CEL	1.229017	2.867918	0.0
GSM562111_PAK_GI_colonization_5-12-04.CEL	1.4894003	3.0237703	0.0
GSM562112_Koh_PAK_H2O_1.CEL	0.0	0.0	2.3758364
GSM562113_Koh_PAK_H2O_2.CEL	0.0	0.0	1.8548338
GSM562114_Koh_PAK_H2O_3.CEL	0.0	0.0	2.1294525
GSM567541.CEL	0.7344162	5.427235	2.3401308
GSM567542.CEL	0.0	0.4085537	5.0728407
GSM567543.CEL	0.65521353	5.3711767	2.2610207
GSM567544.CEL	0.0	0.50825024	5.282693
GSM567666.CEL	0.0	0.0	0.0
GSM567667.CEL	0.0	0.0	0.0
GSM567668.CEL	0.0	0.0	0.0
GSM567669.CEL	0.0	0.0	0.0
GSM567670.CEL	0.0	0.0	0.0
GSM567671.CEL	0.0	0.0	0.0
GSM567672.CEL	0.0	0.0	0.0
GSM567673.CEL	0.0	0.0	0.0
GSM567674.CEL	0.0	0.0	0.0
GSM567675.CEL	0.0	0.0	0.0
GSM567676.CEL	0.0	0.0	0.0
GSM567677.CEL	0.0	0.0	0.0
GSM567678.CEL	0.0	0.0	0.0
GSM567679.CEL	0.0	0.0	0.0
GSM567680.CEL	0.0	0.0	0.0
GSM567681.CEL	0.0	0.0	0.0
GSM567682.CEL	0.0	0.0	0.0
GSM567683.CEL	0.0	0.0	0.0
GSM567684.CEL	0.0	0.0	0.0
GSM567685.CEL	0.0	0.0	0.0
GSM567686.CEL	0.0	0.0	0.0
GSM567687.CEL	0.0	0.0	0.0
GSM567688.CEL	0.0	0.0	0.0
GSM567689.CEL	0.0	0.0	0.0
GSM567690.CEL	0.0	0.0	0.0
GSM567691.CEL	0.0	0.0	0.0
GSM567692.CEL	0.0	0.0	0.0
GSM567693.CEL	0.0	0.0	0.0
GSM567694.CEL	0.0	0.0	0.0
GSM567695.CEL	0.0	0.0	0.0
GSM573322.CEL	0.0	1.7351284	4.2572093
GSM573323.CEL	0.0	1.4462271	4.8740735
GSM573324.CEL	0.0	2.4954123	3.973825
GSM573325.CEL	0.0	2.1985526	3.993894
GSM573326.CEL	0.0	2.8752651	3.9036846
GSM573327.CEL	0.0	2.0424232	4.2804112
GSM591496.CEL	0.5532048	4.2428465	2.5158243
GSM591601.CEL	0.544337	3.8730044	2.3900557
GSM591602.CEL	0.9806973	3.3730602	2.6251173
GSM591603.CEL	0.0	0.0	3.3858633
GSM591622.CEL	0.0	0.0	3.0612044
GSM591623.CEL	0.0	0.3557178	3.3949738
GSM591624.CEL	0.0	0.0	2.5663235
GSM591625.CEL	0.0	0.0	2.8088741
GSM591627.CEL	0.0	0.0	2.5495408
GSM596626.CEL	2.3467362	0.09858203	0.70448536
GSM596819.CEL	2.80973	0.20442814	2.18184
GSM597216.CEL	0.0	0.0	2.2125206
GSM597217.CEL	0.0	0.0	0.92488337
GSM597218.CEL	0.0	0.0	0.7271287
GSM597219.CEL	0.21697116	4.144433	2.3047805
GSM597220.CEL	0.45499277	4.0337667	1.8091173
GSM597221.CEL	1.9253931	4.5085626	0.7325624
GSM597329.CEL	0.0	0.698595	3.1198325
GSM597330.CEL	0.06473842	1.0922792	3.9066043
GSM597331.CEL	0.6920688	0.64884233	4.1153474
GSM610406.CEL	0.038422346	1.4978974	3.9456086
GSM610407.CEL	0.0	0.8618014	4.148194
GSM617286.CEL	1.7272754	0.15694684	1.8333647
GSM617287.CEL	1.8703802	0.048110425	2.110752
GSM617288.CEL	2.5312767	0.1396277	1.280952
GSM617289.CEL	0.7324544	1.9830066	1.6972423
GSM617290.CEL	0.62749845	1.3235	2.170473
GSM617291.CEL	1.2077193	1.6959765	1.5826962
GSM617292.CEL	1.9994397	0.0	1.7685236
GSM617293.CEL	2.0158997	0.0	1.6543257
GSM617294.CEL	2.1335876	0.0	0.8572596
GSM617295.CEL	0.35681432	0.037761867	3.02782
GSM617296.CEL	0.16951051	0.19013244	3.7333727
GSM617297.CEL	0.0	0.0	3.5292788
GSM617298.CEL	0.0	0.0	0.0
GSM617299.CEL	0.0	0.0	0.0
GSM617300.CEL	0.0	0.0	0.0
GSM617301.CEL	0.0	0.0	0.0
GSM625973.CEL	0.0	0.0	0.0
GSM625974.CEL	0.0	0.0	0.0
GSM625975.CEL	0.0	0.0	0.0
GSM625976.CEL	0.0	0.0	0.0
GSM625977.CEL	0.0	0.0	0.0
GSM625978.CEL	0.0	0.0	0.0
GSM625979.CEL	0.0	0.0	0.0
GSM625980.CEL	0.0	0.0	0.0
GSM625981.CEL	0.0	0.0	0.0
GSM625982.CEL	0.0	0.0	0.0
GSM629176.CEL	0.47443578	5.5198684	0.0
GSM629177.CEL	1.3358498	5.0234113	0.0
GSM629178.CEL	1.0281494	5.637191	0.0
GSM629179.CEL	0.67066544	4.7817974	0.0
GSM637573.CEL	0.0	0.0	0.0
GSM637574.CEL	0.0	0.0	0.0
GSM637575.CEL	0.0	0.0	0.0
GSM637576.CEL	0.0	0.0	0.0
GSM637577.CEL	0.0	0.0	0.0
GSM637578.CEL	0.0	0.0	0.0
GSM637579.CEL	0.0	0.0	0.0
GSM637580.CEL	0.0	0.0	0.0
GSM637581.CEL	0.0	0.0	0.0
GSM637582.CEL	0.0	0.0	0.0
GSM637583.CEL	0.0	0.0	0.0
GSM637584.CEL	0.0	0.0	0.0
GSM637585.CEL	0.0	0.0	0.0
GSM637586.CEL	0.0	0.0	0.0
GSM637587.CEL	0.0	0.0	0.0
GSM637588.CEL	0.0	0.0	0.0
GSM637589.CEL	0.28419492	0.0	0.0
GSM637590.CEL	0.35354996	0.0	0.0
GSM637591.CEL	1.3024261	0.0	0.0
GSM637592.CEL	1.7099347	0.0	0.0
GSM637593.CEL	0.0	0.0	0.0
GSM637594.CEL	0.0	0.0	0.0
GSM637595.CEL	0.0	0.0	0.0
GSM637596.CEL	0.0	0.0	0.0
GSM637597.CEL	0.0	0.0	0.0
GSM637598.CEL	0.0	0.0	0.0
GSM641845.CEL	3.0458667	4.6575513	0.0
GSM641846.CEL	3.6156278	4.4591594	0.0
GSM641847.CEL	3.626034	4.035943	0.0
GSM641848.CEL	3.629803	4.259071	0.0
GSM641849.CEL	3.5810108	5.1539845	0.0
GSM663161_03_mix_1wP_Pae_5-10-07_S2.CEL	1.964766	4.5761228	0.0
GSM663162_Pae-Mix-1_5-22-07_S2.CEL	0.0	5.3005347	0.0
GSM663163_04_Pae_5-10-07_S2.CEL	1.035213	5.9767785	0.0
GSM663164_Pae_5-22-07_S2.CEL	0.0	4.9619827	0.0
GSM663168_BM-Mix-Pa_1_6-6-08_s1.CEL	0.0	2.6290221	2.5734482
GSM663169_BM-Mix-Pa_2_6-6-08_s1.CEL	0.0	2.2726593	2.3420844
GSM663170_Pa_label_cDNA_5-13-08_s2.CEL	0.638089	3.9524488	1.1229159
GSM685447.CEL	0.0	0.0	0.0
GSM685448.CEL	0.0	0.0	0.0
GSM685449.CEL	0.0	0.0	0.0
GSM685450.CEL	0.0	0.0	0.0
GSM698080.CEL	0.0	3.4501843	0.29909825
GSM698081.CEL	0.0	4.2057576	0.9656407
GSM711446.CEL	0.0	1.6972215	4.136902
GSM711447.CEL	0.0	1.8829881	3.7806478
GSM711448.CEL	0.0	2.8488407	3.6758842
GSM711449.CEL	0.0	2.418663	3.4490814
GSM711450.CEL	0.0	2.9100447	3.1337166
GSM711451.CEL	0.0	2.5416174	2.940853
GSM711452.CEL	0.0	2.505122	3.3444061
GSM711453.CEL	0.0	4.5784845	1.8458648
GSM711454.CEL	0.0	4.1701317	2.1704836
GSM711455.CEL	0.0	4.007922	2.0197418
GSM717419.CEL	0.0	2.8175912	4.274097
GSM717420.CEL	0.0	1.6970046	2.8576126
GSM717421.CEL	0.0	2.074226	3.1349392
GSM717422.CEL	0.0	0.0	0.0
GSM717423.CEL	0.0	0.0	0.0
GSM717424.CEL	0.0	0.0	0.0
GSM735748_PA14_WT.CEL	0.242621	0.0	3.499371
GSM735749_PA14_WT_adenosine.CEL	0.52284455	0.0	3.867855
GSM738261.CEL	0.0	0.0	4.5628133
GSM738262.CEL	0.0	0.0	4.665273
GSM738263.CEL	0.0	0.0	4.4094973
GSM738264.CEL	0.0	0.0	4.628876
GSM738265.CEL	0.0	0.0	4.4615684
GSM738266.CEL	0.0	0.0	4.8507094
GSM740019.CEL	1.1632824	0.16506279	3.9635677
GSM740020.CEL	1.5174105	0.24346271	4.1493278
GSM741203.CEL	0.0	0.0	4.752025
GSM741204.CEL	0.0	0.0	4.807417
GSM741205.CEL	0.0	0.0	4.4535418
GSM741206.CEL	0.0	0.0	4.664599
GSM741207.CEL	0.0	0.0	4.5774555
GSM741208.CEL	0.0	0.0	4.729559
GSM741209.CEL	0.0	0.0	4.2449636
GSM741210.CEL	0.0	0.0	3.9631453
GSM741211.CEL	0.0	0.0	3.704494
GSM741212.CEL	0.0	0.0	3.5619392
GSM741213.CEL	0.0	0.0	3.855649
GSM741214.CEL	0.0	0.0	3.9752278
GSM743001_PAO1-PC4-a.CEL	0.32462397	2.4896822	0.0
GSM743002_PAO1-PC4-b.CEL	0.3599975	1.9673644	0.0
GSM743003_PAO1-PC4-c.CEL	0.9636955	2.4708445	0.0
GSM743004_PAO1-PC24-a.CEL	0.87072587	0.9433101	0.0
GSM743005_PAO1-PC24-b.CEL	0.8148286	0.97834706	0.0
GSM743006_PAO1-PC24-c.CEL	0.8072098	1.022756	0.0
GSM743007_PAO1-SC24-a.CEL	0.014287055	0.0	0.0
GSM743008_PAO1-SC24-b.CEL	0.0	0.0	0.0
GSM743009_PAO1-SC24-c.CEL	0.0	0.0	0.0
GSM767700.CEL	0.0	0.0	4.762242
GSM767701.CEL	0.0	0.0	4.537455
GSM767702.CEL	0.0	0.0	4.469153
GSM767703.CEL	0.0	0.0	4.781798
GSM767704.CEL	0.0	0.0	4.8889904
GSM767705.CEL	0.0	0.0	4.670696
GSM774085_CF30-1979a.CEL	3.7897635	0.0	0.0
GSM774086_CF30-1979b.CEL	5.225096	0.7363522	0.0
GSM774087_CF30-1979c.CEL	5.3967185	0.72179395	0.0
GSM774088_CF43-1973a.CEL	4.7158074	2.434522	0.0
GSM774089_CF43-1973b.CEL	4.6347213	2.5090218	0.0
GSM774090_CF43-1973c.CEL	4.721836	2.7957015	0.0
GSM774091_CF66-1973a.CEL	4.988905	1.8008465	0.0
GSM774092_CF66-1973b.CEL	4.745627	1.3960903	0.0
GSM774093_CF66-1973c.CEL	4.8363223	1.6230502	0.0
GSM774094_CF66-1992a.CEL	4.633844	0.0	0.0
GSM774095_CF66-1992b.CEL	4.968327	0.44734737	0.0
GSM774096_CF66-1992c.CEL	4.826366	0.22369629	0.0
GSM774097_CF66-2008a.CEL	5.0707283	0.0	0.0
GSM774098_CF66-2008b.CEL	5.154869	0.0	0.0
GSM774099_CF66-2008c.CEL	4.6747613	0.0	0.0
GSM774100_CF105-1973a.CEL	4.7824645	2.9253507	0.0
GSM774101_CF105-1973b.CEL	4.3822045	2.807932	0.0
GSM774102_CF105-1973c.CEL	4.3830204	2.7212522	0.0
GSM774103_CF114-1973a.CEL	4.255942	3.290155	0.0
GSM774104_CF114-1973b.CEL	4.3260455	3.4236908	0.0
GSM774105_CF114-1973c.CEL	4.3972144	3.563086	0.0
GSM774106_CF173-1984a.CEL	4.611311	0.17510456	0.0
GSM774107_CF173-1984b.CEL	5.0207796	0.37817138	0.0
GSM774108_CF173-1984c.CEL	4.523492	0.0	0.0
GSM774109_CF173-2002a.CEL	1.9771268	0.0	0.0
GSM774110_CF173-2002b.CEL	2.3574638	0.0	0.0
GSM774111_CF173-2002c.CEL	3.7840743	0.0	0.0
GSM774112_CF173-2005a.CEL	5.3456483	0.44107965	0.16050923
GSM774113_CF173-2005b.CEL	4.6847057	0.0	0.0
GSM774114_CF173-2005c.CEL	4.218592	0.0	0.0
GSM774115_CF243-2002a.CEL	3.9565847	0.0	0.19361556
GSM774116_CF243-2002b.CEL	4.318303	0.0	0.14677769
GSM774117_CF243-2002c.CEL	2.031585	0.0	0.0
GSM774118_CF333-1991a.CEL	5.2597914	0.27000272	0.0
GSM774119_CF333-1991b.CEL	5.4557934	0.716081	0.0
GSM774120_CF333-1991c.CEL	5.0814323	0.24555662	0.0
GSM774121_CF333-1997a.CEL	5.246977	0.39897957	0.0
GSM774122_CF333-1997b.CEL	5.305892	0.56531775	0.0
GSM774123_CF333-1997c.CEL	4.774042	0.2513475	0.0
GSM774124_CF333-2003a.CEL	5.5903482	0.089615524	0.0
GSM774125_CF333-2003b.CEL	5.526538	0.0	0.0
GSM774126_CF333-2003c.CEL	5.109952	0.0	0.0
GSM774127_CF333-2005a.CEL	4.3188553	0.0	0.08452231
GSM774128_CF333-2005b.CEL	4.9549885	0.0	0.0
GSM774129_CF333-2005c.CEL	4.236197	0.0	0.16664755
GSM774130_CF333-2007a.CEL	5.2502613	0.0	0.0
GSM774131_CF333-2007b.CEL	4.989477	0.0	0.0
GSM774132_CF333-2007c.CEL	3.5594869	0.0	0.0
GSM774133_B6-0_1.CEL	4.306963	4.2074375	0.0
GSM774134_B6-0_2.CEL	3.2166152	3.2809615	0.0
GSM774135_B6-0_3.CEL	4.2251596	4.184645	0.0
GSM774136_B6-4_1.CEL	3.7886043	3.7703266	0.0
GSM774137_B6-4_2.CEL	3.7123735	3.5185757	0.0
GSM774138_B6-4_3.CEL	4.1035404	4.2281427	0.0
GSM774139_B12-0_1.CEL	4.007881	3.256167	0.0
GSM774140_B12-0_2.CEL	3.992364	3.1738129	0.0
GSM774141_B12-0_3.CEL	3.899262	3.0717163	0.0
GSM774142_B12-4_1.CEL	4.170667	3.3921962	0.0
GSM774143_B12-4_2.CEL	4.152908	3.5036173	0.0
GSM774144_B12-4_3.CEL	4.1252465	3.5195093	0.0
GSM774145_B12-7_1.CEL	3.4496293	2.6432457	0.0
GSM774146_B12-7_2.CEL	3.5187714	2.6094246	0.0
GSM774147_B12-7_3.CEL	3.7984486	3.077897	0.0
GSM774148_B38-1_1.CEL	3.8426063	3.7577772	0.0
GSM774149_B38-1_2.CEL	3.8912773	3.9201908	0.0
GSM774150_B38-1_3.CEL	3.942941	3.9078012	0.0
GSM774151_B38-2M_1.CEL	4.735395	0.71539855	0.08570272
GSM774152_B38-2M_2.CEL	4.44248	0.6039872	0.08592695
GSM774153_B38-2M_3.CEL	4.5939627	0.62505704	0.14835048
GSM774154_B38-2NM_1.CEL	3.7758098	3.5530043	0.0
GSM774155_B38-2NM_2.CEL	3.9407551	3.3781233	0.0
GSM774156_B38-2NM_3.CEL	3.9210644	3.4936037	0.0
GSM774157_B38-6M_1.CEL	4.5538797	0.54008764	0.03045839
GSM774158_B38-6M_2.CEL	4.41736	0.46020985	0.10519171
GSM774159_B38-6M_3.CEL	4.3772664	0.54818785	0.21540326
GSM774160_PAO1a.CEL	3.7700803	4.659959	0.0
GSM774161_PAO1b.CEL	3.5100718	4.5166073	0.0
GSM774162_PAO1c.CEL	3.6115797	4.582524	0.0
GSM794226_A27.CEL	1.2131207	2.1879413	1.6530344
GSM794227_A28.CEL	1.4645433	2.1584663	2.3214242
GSM794228_A29.CEL	0.0	0.0	0.42968324
GSM794229_A30.CEL	0.0	0.0	0.0
GSM794230_A31.CEL	0.0	0.0	0.0
GSM794231_A32.CEL	0.0	0.0	0.0
GSM821084_HZI0139_Pae_G1a.CEL	0.0	0.0	4.7338963
GSM821085_HZI0140_Pae_G1a.CEL	0.0	0.0	4.5407534
GSM821086_HZI0141_Pae_G1a.CEL	0.0	0.0	4.9979277
GSM821087_HZI0142_Pae_G1a.CEL	0.0	0.0	4.0534506
GSM821088_HZI0143_Pae_G1a.CEL	0.0	0.0	4.8204174
GSM821089_HZI0144_Pae_G1a.CEL	0.0	0.0	4.924405
GSM821090_HZI0145_Pae_G1a.CEL	0.0	0.0	0.6608294
GSM821091_HZI0146_Pae_G1a.CEL	0.0	1.8076162	2.4656081
GSM821092_HZI0148_Pae_G1a.CEL	0.5365614	4.0341587	0.172113
GSM821093_HZI0149_Pae_G1a.CEL	0.0	0.35454774	0.0
GSM821094_HZI0147_Pae_G1a.CEL	0.0	1.6467211	2.0212724
GSM821095_HZI0150_Pae_G1a.CEL	0.5675732	3.637063	0.0
GSM821495.CEL	0.0	0.42091054	4.58842
GSM821496.CEL	0.0	0.0	4.580002
GSM821497.CEL	0.0	0.07294309	4.7237635
GSM821498.CEL	0.0	2.973217	3.6031914
GSM821499.CEL	0.0	0.0	4.4867096
GSM821500.CEL	0.0	0.0	4.8679204
GSM821501.CEL	0.0	1.4648414	3.6259465
GSM821502.CEL	0.0	0.8355821	3.62678
GSM821503.CEL	0.0	1.640504	2.912516
GSM821504.CEL	0.4703269	3.1412277	2.951045
GSM821505.CEL	0.4640596	3.348734	2.9651933
GSM821506.CEL	0.6059831	3.28378	2.7792566
GSM822689_wtBSM_A.CEL	0.0	3.6340199	2.522241
GSM822690_wtBSM_B.CEL	0.0	3.1855283	2.6415896
GSM822691_delta_crcBSM_A.CEL	0.0	3.875301	2.0465622
GSM822692_delta_crcBSM_B.CEL	0.0	3.1810012	2.0711207
GSM822693_delta_cbrBBSM_A.CEL	0.0	4.257192	1.3069038
GSM822694_delta_cbrBBSM_B.CEL	0.0	4.0108685	2.0728202
GSM822695_delta_crcZBSM_A.CEL	0.0	4.997696	0.33571064
GSM822696_delta_crcZBSM_B.CEL	0.0	3.9259658	1.1130378
GSM822708_wtLB_A.CEL	0.0	3.6026812	0.0
GSM822709_wtLB_B.CEL	0.0	4.25778	0.08847964
GSM822710_delta_crcLB_A.CEL	1.8593788	4.387279	0.0
GSM822711_delta_crcLB_B.CEL	0.55083853	3.640788	0.0
GSM822712_delta_cbrBLB_A.CEL	0.0	4.5825624	1.4444447
GSM822713_delta_cbrBLB_B.CEL	0.0	3.7847285	0.597014
GSM822714_delta_crcZLB_A.CEL	0.0	3.8277884	0.30406117
GSM822715_delta_crcZLB_B.CEL	0.0	3.2840953	0.84472215
GSM823341.CEL	0.0	0.0	0.0
GSM823342.CEL	0.0	0.0	0.0
GSM823343.CEL	0.0	0.0	0.0
GSM823344.CEL	0.0	0.0	2.1048627
GSM823345.CEL	0.0	0.0	0.0
GSM823346.CEL	0.0	0.0	0.53869826
GSM823347.CEL	0.0	0.0	0.0
GSM823348.CEL	0.0	0.0	0.0
GSM838206_OXYR-LB-1_Pae_G1a.CEL	0.0	0.0	3.8600764
GSM838207_OXYR-LB-2_Pae_G1a.CEL	0.0	0.0	3.6062756
GSM838208_OXYR-LB-4_Pae_G1a.CEL	0.0	0.25928795	4.3902903
GSM838209_OXYR-PM-1_Pae_G1a.CEL	0.0	0.09144181	3.591823
GSM838210_OXYR-PM-3_Pae_G1a.CEL	0.0	0.0	3.906793
GSM838211_OXYR-PM-4_Pae_G1a.CEL	0.0	0.0	3.8509421
GSM838212_PAO1-LB-1_Pae_G1a.CEL	0.0	0.0	4.1714277
GSM838213_PAO1-LB-2_Pae_G1a.CEL	0.0	0.0	4.260732
GSM838214_PAO1-LB-3_Pae_G1a.CEL	0.0	0.0	4.4946036
GSM838215_PAO1-PM-1_Pae_G1a.CEL	0.0	0.8317511	3.5527601
GSM838216_PAO1-PM-3_Pae_G1a.CEL	0.0	0.0	3.7599225
GSM838217_PAO1-PM-4_Pae_G1a.CEL	0.0	0.0	3.886623
GSM838218_PAO1-5344-1_Pae_G1a.CEL	0.0	0.050900817	3.7412877
GSM838219_PAO1-5344-3_Pae_G1a.CEL	0.0	0.0	3.5223947
GSM838220_PAO1-5344-4_Pae_G1a.CEL	0.0	0.0	3.3548188
GSM842839_Wright_1_WT-log-1_Pae_G1a.CEL	1.3880849	3.913453	0.0
GSM842840_Wright_2_WT-log-2_Pae_G1a.CEL	1.2117401	3.593289	0.0
GSM842841_Wright_3_WT-log-3_Pae_G1a.CEL	1.0861083	4.0579414	0.0
GSM842842_Wright_4_WT-stat-1_Pae_G1a.CEL	0.102200955	3.1769905	3.2537441
GSM842843_Wright_5_WT-stat-2_Pae_G1a.CEL	0.0	0.42845428	1.0998455
GSM842844_Wright_6_WT-stat-3_Pae_G1a.CEL	0.0	2.2990015	2.7929335
GSM842845_Wright_7_4203-log-1_Pae_G1a.CEL	1.5570247	5.1817937	0.0711261
GSM842846_Wright_8_4203-log-2_Pae_G1a.CEL	1.5629866	5.192425	0.04232365
GSM842847_Wright_9_4203-log-3_Pae_G1a.CEL	1.0848095	4.5187945	0.0
GSM842848_Wright_10_4203-stat-1_Pae_G1a.CEL	0.0	1.4406836	3.7882128
GSM842849_Wright_11_4203-stat-2_Pae_G1a.CEL	0.0	1.788427	3.7785635
GSM842850_Wright_12_4203-stat-3_Pae_G1a.CEL	0.0	1.6062516	4.0227103
GSM854792.CEL	0.0	0.0	0.0
GSM854793.CEL	0.0	0.0	0.0
GSM854794.CEL	0.0	0.0	0.0
GSM854795.CEL	0.0	0.0	0.0
GSM854796.CEL	0.0	0.0	0.0
GSM854797.CEL	0.0	0.0	0.0
GSM854798.CEL	0.0	0.0	0.0
GSM854799.CEL	0.0	0.0	0.0
GSM854800.CEL	0.0	0.0	0.0
GSM854801.CEL	0.0	0.0	0.0
GSM856031_PA01.CEL	0.0	0.0	0.0
GSM856032_PA01+V12.CEL	0.0	0.30730173	2.5580847
GSM864516.CEL	1.6552331	0.3299072	3.469252
GSM864517.CEL	1.6821048	0.23608175	3.5191302
GSM864518.CEL	0.80295336	0.0	2.7395906
GSM864519.CEL	0.0	0.0	2.2105596
GSM864520.CEL	0.0	0.0	2.6230772
GSM864521.CEL	0.0	0.0	2.740562
GSM865129_schurr_5511_Pae_G1a_.CEL	0.0	0.0	0.0
GSM865130_schurr_5511_1_Pae_G1a_.CEL	0.0	0.0	0.0
GSM865131_schurr_5511_3_Pae_G1a_.CEL	0.0	0.0	0.0
GSM871963.CEL	0.0	0.16906536	1.8347143
GSM871964.CEL	0.0	0.23233008	1.7540193
GSM871965.CEL	0.0	0.010539949	1.2088763
GSM871966.CEL	0.0	0.17027563	1.8326446
GSM871967.CEL	0.0	0.0	0.0
GSM871968.CEL	0.40137172	2.239647	0.0
GSM871969.CEL	0.38275865	2.0578763	0.0
GSM871970.CEL	0.47703987	2.135225	0.0
GSM871971.CEL	0.0	0.0	0.0
GSM871972.CEL	0.0	0.0	0.0
GSM871973.CEL	0.0	0.0	0.0
GSM871974.CEL	0.0	0.0	0.0
GSM871975.CEL	0.0	0.0809108	0.0
GSM871976.CEL	0.0	0.0	0.0
GSM871977.CEL	0.0	0.0	0.0
GSM871978.CEL	0.0	0.046161354	0.0
GSM897995_MHH0094_Pae_G1a.CEL	0.0	0.0	2.6515884
GSM897996_MHH0095_Pae_G1a.CEL	0.0	0.0	2.7166734
GSM897997_MHH0106_Pae_G1a.CEL	0.0	1.5213358	3.1348987
GSM897998_MHH0107_Pae_G1a.CEL	0.0	2.6596763	2.7999396
GSM897999_MHH0110_Pae_G1a.CEL	0.6424151	4.147046	1.6638495
GSM898000_MHH0111_Pae_G1a.CEL	0.030682623	3.2582316	2.5115764
GSM898001_MHH0122_Pae_G1a.CEL	0.0	0.0	3.9401622
GSM898002_MHH0123_Pae_G1a.CEL	0.0	0.0	3.992807
GSM900177_F1_Pae_G1a_.CEL	0.0	0.0	0.0
GSM900178_C1_Pae_G1a_.CEL	0.0	0.0	0.0
GSM900179_F2_Pae_G1a_.CEL	0.0	0.0	0.0
GSM900180_C2_Pae_G1a_.CEL	0.0	0.0	0.0
GSM900181_F3_Pae_G1a_.CEL	0.0	0.0	0.0
GSM900182_C3_Pae_G1a_.CEL	0.0	0.0	0.0
GSM92164.CEL	0.0	0.0	4.6599803
GSM92165.CEL	0.0	0.5347259	4.06416
GSM92166.CEL	0.0	3.1384444	4.2597003
GSM92167.CEL	0.0	5.273651	2.8293233
GSM92168.CEL	0.32970777	6.5520563	0.0
GSM92169.CEL	0.0	0.0	4.460733
GSM92170.CEL	0.0	1.0475683	4.7112193
GSM92171.CEL	0.0	1.8537961	4.1940284
GSM92172.CEL	0.0	5.3424	2.9575615
GSM92173.CEL	0.30801606	6.6429844	0.0
GSM92174.CEL	0.0	0.0	4.3923187
GSM92175.CEL	0.0	0.11935145	4.3430934
GSM92176.CEL	0.0	0.0	4.353929
GSM92177.CEL	0.0	0.0	4.4586167
GSM92178.CEL	0.0	1.4885111	4.74235
GSM92179.CEL	0.0	1.8047191	4.4546566
GSM92180.CEL	0.0	1.7563084	4.45642
GSM92181.CEL	0.0	1.8103998	4.4004745
GSM92182.CEL	0.0	2.7399836	4.459008
GSM92183.CEL	0.0	3.0518117	4.4610367
GSM92184.CEL	0.0	0.24093512	4.8061624
GSM92185.CEL	0.0	0.5404991	5.343014
GSM92186.CEL	0.0	4.5178647	3.0532665
GSM92188.CEL	0.0	4.5149083	3.1516743
GSM92189.CEL	0.0	4.7454767	2.6723163
GSM92190.CEL	0.0	6.258188	0.3224622
GSM92191.CEL	0.0	6.3588476	0.0
GSM92192.CEL	0.49577034	6.03272	0.0
GSM92193.CEL	0.46674874	6.067344	0.0
GSM954576_Nomura_PA01-1_Pae_G1a_.CEL	0.0	0.0	2.565844
GSM954577_Nomura_PA01-2_Pae_G1a_.CEL	0.0	0.0	3.938684
GSM954578_Nomura_PA01-3_Pae_G1a_.CEL	0.0	0.0	4.394699
GSM954579_Nomura_PA01-4_Pae_G1a_.CEL	0.0	0.0	4.0448623
GSM954580_Nomura_PA2449-1_Pae_G1a_.CEL	0.0	0.0	2.1394916
GSM954581_Nomura_PA2449-2_Pae_G1a_.CEL	0.0	0.0	3.5482378
GSM954582_Nomura_PA2449-3_Pae_G1a_.CEL	0.0	0.08479315	3.7981458
GSM954583_Nomura_PA2449-4_Pae_G1a_.CEL	0.0	0.0	2.9712338
GSM994496_PAO1-replicate-01.CEL	0.0	0.0	1.7403146
GSM994497_PAO1-replicate-02.CEL	0.0	0.0	1.9119965
GSM994498_PAO1-replicate-03.CEL	0.0	0.0	1.5742145
GSM994499_HM4-replicate-01.CEL	0.0	0.0	0.0
GSM994500_HM4-replicate-02.CEL	0.0	0.0	0.0
GSM994501_HM4-replicate-03.CEL	0.0	0.0	0.0
H_1.CEL	0.0	0.0	0.0
H_3.CEL	0.0	0.0	0.0
H_5.CEL	0.0	0.0	0.0
HH-PA14_7-6-09_7-8-09_s1.CEL	4.247125	3.9563446	0.0
JS-1B4.9.07.CEL	0.0	0.0	0.0
JS-A164.9.07.CEL	0.0	0.0	0.0
JS-A84.9.07.CEL	0.0	0.0	0.0
JS-G164.9.07.CEL	0.0	0.0	0.0
JS-G84.18.07.CEL	0.0	0.0	0.0
JS-T24.9.07.CEL	0.0	0.0	0.0
KP_PA14_5-28_5-30-08_s2.CEL	3.3535357	3.455647	0.0
L_12.CEL	0.0	0.0	0.0
L_13.CEL	0.0	0.0	0.0
L_14.CEL	0.0	0.0	0.0
MBU_JGOLD_pakA1.CEL	0.0	0.0	2.2825055
MBU_JGOLD_pakA2.CEL	0.0	0.0	2.4679618
MBU_JGOLD_PAO11.CEL	0.0	0.0	2.9676104
MBU_JGOLD_PAO12.CEL	0.0	0.0	2.1529782
MBU_PAER_pak1.CEL	0.0	1.9827039	3.345797
MBU_PAER_pak2.CEL	0.0	1.0971864	3.8517327
MBU_PAER_PT51.CEL	0.0	0.57388645	0.35793924
MBU_PAER_PT52.CEL	0.0	0.919263	1.7705848
MSC_01.CEL	3.4148796	5.2207646	0.0
MSC_02.CEL	3.0253582	4.8644886	0.0
MSC_03.CEL	3.270289	4.7126184	0.0
MSC_04.CEL	2.6478608	5.069138	0.0
MSC_05.CEL	3.3212125	4.736341	0.0
MSC_06.CEL	1.4384532	5.093203	0.0
MSC_07.CEL	2.4310696	4.9373794	0.0
MSC_08.CEL	0.636152	5.601707	0.0
MSC_09.CEL	2.1140976	4.6842747	0.0
MSC_10.CEL	0.5919509	5.7505827	0.09296507
Nag_cDNA_1-30-09_S2.CEL	0.28186685	0.0	3.7357125
Nag_cDNA_2-26-09_s1.CEL	1.0887365	0.0	3.5387735
Overhage11001_Pae_G1a.CEL	1.307049	2.74473	3.5027819
Overhage11002_Pae_G1a.CEL	1.0421194	2.626297	4.2061105
Overhage5001_Pae_G1a.CEL	1.0873591	2.712204	3.474102
Overhage5002_Pae_G1a.CEL	0.8195895	2.7631745	3.9482746
PA14_3-23-07_s2.CEL	3.859926	3.6134992	0.0
PA14-Aro_10-5-07_s2.CEL	3.7500415	3.9910483	0.0
PA14_cDNA_labeled_4-09-08_S2.CEL	4.410357	4.1622763	0.0
Pae_Fe02_13.CEL	0.0	0.0	0.0
Pae_Fe02_14.CEL	0.0	0.0	0.0
Pae_Fe02_15.CEL	0.0	0.0	0.0
Pae_Fe03_16.CEL	0.0	0.0	0.0
Pae_Fe03_17.CEL	0.0	0.0	0.0
Pae_Fe03_18.CEL	0.0	0.0	0.0
Pae_noFe_10.CEL	0.0	0.0	0.0
Pae_noFe_11.CEL	0.0	0.0	0.0
Pae_noFe_12.CEL	0.0	0.0	0.0
Tob1_aerobic_wdh_Pae_G1a.CEL	0.0	0.0	0.20696443
Tob1_anaerobic_Pae_G1a.CEL	0.9690312	0.0	0.0
Tob2_aerobic_wdh_Pae_G1a.CEL	0.0	0.0	0.2817033
Tob2_anaerobic_Pae_G1a.CEL	1.2992299	0.0	0.0
Tob3aerobic_Pae_G1a.CEL	0.0	0.0	0.658715
Tob3_anaerobic_Pae_G1a.CEL	1.1441486	0.0	0.0
TUBS0088.CEL	0.0	0.0	2.886374
TUBS0089.CEL	0.0	0.0	3.1102319
TUBS0090.CEL	0.0	0.0	2.6805995
TUBS0091.CEL	0.0	0.0	1.777162
TUBS0092.CEL	0.0	0.0	1.02763
TUBS0093.CEL	0.0	0.0	1.7763745
TUBS0094.CEL	0.0	0.0	0.12761045
TUBS0095.CEL	0.0	0.0	1.007462
TUBS0096.CEL	0.0	0.0	0.8824171
Van_Delden_Kohler_0311_BAL6_1.CEL	0.0	0.010675132	3.7318053
Van_Delden_Kohler_0311_BAL6+_1.CEL	0.0	0.26790315	3.5009766
Van_Delden_Kohler_0311_BAL6_2.CEL	0.0	0.11274207	3.8917694
Van_Delden_Kohler_0311_BAL6+_2.CEL	0.0	0.34550655	3.5289292
Van_Delden_Kohler_0311_BAL6_3.CEL	0.0	0.0	3.377345
Van_Delden_Kohler_0311_BAL6+_3.CEL	0.0	0.011561155	3.3788595
Van_Delden_Kohler_0311_PT5_1.CEL	0.0	0.7342351	3.2465453
Van_Delden_Kohler_0311_PT5_2.CEL	0.0	1.5848103	3.546217
Van_Delden_Kohler_0311_PT5_3.CEL	0.0	2.2387586	3.7675877
WT12935-18-05.CEL	0.7154237	4.6596866	0.0
WT12935-4-05.CEL	0.20532241	4.9783397	0.0
