	1	2	3	4	5	6	7	8	9	10
05_PA14000-4-2_5-10-07_S2.CEL	0.0	0.0	0.0	2.5244677	0.08488232	0.87695694	0.0	0.0	5.623548	0.0
54375-4-05.CEL	0.0	0.0	0.0	2.635002	0.08828676	0.29582956	0.0	0.0	1.317349	4.826915
AKGlu_plus_nt_7-8-09_s1.CEL	0.0	0.47668257	0.0	0.0	0.2159223	0.64755386	0.46433163	0.0	6.250975	0.0
anaerobic_NO3_1.CEL	0.0	3.0200224	3.5900478	0.0	0.0	0.0	4.112879	0.5656376	0.0	0.20657352
anaerobic_NO3_2.CEL	0.0	3.3633444	3.6995888	0.0	0.0	0.0	4.210926	0.49663246	0.0	0.3645264
control1aerobic_Pae_G1a.CEL	0.0	6.473525	0.0	2.3749747	0.116009	0.0	0.0	0.89875513	0.0	0.4713457
control1_anaerobic_Pae_G1a.CEL	0.0	6.168643	0.0	4.5932465	0.0	0.0	0.0	0.67355925	0.0	0.0
control2aerobic_Pae_G1a.CEL	0.0	6.5356936	0.31311366	1.590055	0.0	0.0	0.0	1.3703296	0.0	0.2110084
control2_anaerobic_Pae_G1a.CEL	0.0	5.6677794	0.0	4.2881694	0.13229495	0.0	0.0	0.6540075	0.0	0.0
control3aerobic_Pae_G1a.CEL	0.0	6.8211703	0.07784347	2.6797898	0.17559296	0.0	0.0	0.77109647	0.0	0.6843886
control3_anaerobic_Pae_G1a.CEL	0.0	5.969855	0.0	4.3723555	0.018090665	0.0	0.0	0.9174684	0.0	0.0
DB1.CEL	2.9083507	0.0	0.6584576	0.10105017	0.5878875	0.0	0.0	0.0	0.0	0.0
DB3.CEL	2.725011	0.0	1.8448453	0.0	0.7192691	0.03799385	0.0	0.0	0.0	0.0
DC1.CEL	0.4949741	0.8317342	0.0	0.7153358	2.6639524	0.0	0.0	0.0	0.76464164	0.0
DC2.CEL	0.8836064	0.35703054	0.0	0.5831013	2.4199035	0.0	0.0	0.0	0.46311545	0.0
DC3.CEL	2.0966835	0.0	1.7479053	2.3108468	1.2154515	0.044814974	0.0	0.0	0.0	0.0
dPA54375-18-05.CEL	0.0	0.0	0.0	3.340904	0.0	0.3872009	0.0	0.0	0.95225763	3.4594586
fos1aerobic_Pae_G1a.CEL	0.0	6.298777	0.0	2.2317836	0.0	0.0	0.0	1.0863947	0.0	0.42103863
fos1_anaerobic_Pae_G1a.CEL	0.0	5.800124	0.0	3.728802	0.0	0.0	0.0	1.106843	0.0	0.0
fos2aerobic_Pae_G1a.CEL	0.0	5.99559	0.0	1.6961858	0.0	0.0	0.0	1.5760101	0.0	0.0
fos2_anaerobic_Pae_G1a.CEL	0.0	6.4681315	0.0	4.029122	0.11592597	0.0	0.0	0.6503373	0.0	0.0
Fos3_aerobic_wdh_Pae_G1a.CEL	2.1807668	5.3990607	0.0	0.90688574	0.0	0.0	0.0	2.3291597	0.0	0.0
fos3_anaerobic_Pae_G1a.CEL	0.0	5.7659206	0.0	4.0316553	0.004426539	0.0	0.0	0.91514415	0.0	0.0
FT1aerobic_Pae_G1a.CEL	0.0	6.045864	0.0	1.9772868	0.0	0.0	0.0	1.2910945	0.0	0.13777778
FT1_anaerobic_Pae_G1a.CEL	0.0	5.9534583	0.0	4.2586417	0.010484636	0.0	0.0	0.88103664	0.0	0.0
FT2_aerobic_wdh_Pae_G1a.CEL	0.076767035	5.7570467	0.04026507	1.1459291	0.0	0.0	0.0	1.6132966	0.0	0.0
FT2_anaerobic_Pae_G1a.CEL	0.0	5.7098947	0.0	4.1685095	0.0	0.0	0.0	0.7797725	0.0	0.0
FT3aerobic_Pae_G1a.CEL	0.0	5.4347553	0.0	1.2981282	0.0	0.0	0.0	1.6698983	0.0	0.011672199
FT3_anaerobic_Pae_G1a.CEL	0.0	5.8666277	0.0	4.2880354	0.03356886	0.029166847	0.0	0.6873852	0.0	0.0
glu_plus_nt_2_8-25-09_s2.CEL	0.0	0.5292405	0.0	0.37742496	0.5375691	0.6243782	0.3453326	0.0	5.942739	0.0
GPphhRminus_11-30-09_12-3-09_s1.CEL	0.0	0.0	0.0	2.3304794	0.20876488	0.58483344	0.0	0.0	6.123284	0.0
GPphhRminus_11-4-09_s2.CEL	0.009982467	0.0	0.0	1.9108689	0.0	0.7256564	0.0	0.0	6.047765	0.36536306
GSM1027584_062508WT.CEL	0.11123671	0.3335837	1.8956296	0.0	3.656749	0.42832664	0.0	0.0	0.93646884	0.91780245
GSM1027585_071008WT.CEL	0.0	0.49168503	1.037374	0.0	4.883115	0.4739537	0.0	0.0	1.6997206	0.48064646
GSM1027586_062508plcHR.CEL	0.0	0.9458507	3.4203503	0.0	4.479564	0.60101765	0.39524195	0.0	0.75732684	0.0
GSM1027587_071008plcHR.CEL	0.0	1.7180166	3.4421449	0.0	4.7460628	0.41372943	1.3704268	0.0	0.54349816	0.0
GSM1027588_062508gbdR.CEL	0.057064615	1.063123	3.2725468	0.0	5.208679	0.66983163	0.0	0.0	1.0714779	0.0
GSM1027589_071008gbdR.CEL	0.019995756	1.7161872	2.9341087	0.0	5.214262	0.36823756	0.19517644	0.0	1.3147992	0.0
GSM1067456_PAO1_CK_1.CEL	0.0	0.0	2.777784	0.08252758	2.1354356	0.07707727	1.6414533	0.0	0.0	4.2504354
GSM1067457_PAO1_PAA_1.CEL	0.0	0.30982518	2.0685675	0.0	1.3653519	0.13872635	1.3270382	0.0	0.0	5.485541
GSM1067458_PAO1_CK_2.CEL	0.0	0.0	2.137565	0.0	2.1915457	0.024932235	2.2993584	0.0	0.0	3.807857
GSM1067459_PAO1_PAA_2.CEL	0.0	0.0	1.7540729	0.0	1.747592	0.048075676	2.211525	0.0	0.0	4.121369
GSM1112046_PGAS_25_1A.CEL	3.826044	0.0	5.721176	1.6858585	0.0	0.20075032	1.089016	2.678874	0.0	0.0
GSM1112047_PGAS_25_2A.CEL	5.7754335	0.0	4.6036944	2.6403756	0.0	0.3287149	0.0	2.4350529	0.0	0.0
GSM1112048_PGAS_25_4A.CEL	4.301152	0.0	5.291753	2.078851	0.0	0.1425991	0.64663815	2.4823046	0.0	0.0
GSM1112049_PGAS_37_1B.CEL	3.3284836	0.0	5.637978	1.6675088	0.0	0.16974995	0.72439647	2.434647	0.0	0.0
GSM1112050_PGAS_37_2B.CEL	2.5828435	0.0	5.999977	1.2966106	0.0	0.16421789	0.9842667	2.1704297	0.0	0.0
GSM1112051_PGAS_37_3A.CEL	2.2046683	0.0	5.7976093	1.3473302	0.0	0.15593898	1.7205908	1.5495974	0.0	0.0
GSM1133186_Weiqing_He_L-Glu-1_021810.CEL	0.0	0.024279386	0.0	1.5280011	4.052019	0.08432141	0.0	0.0	3.679274	3.2350047
GSM1133187_Weiqing_He_L-Arg-1_021810.CEL	0.0	0.02723509	0.022622779	1.9964845	4.705724	0.12242377	0.0	0.0	3.354975	2.0822558
GSM1133188_Weiqing_He_D-Glu-1_021810.CEL	0.0	0.34900883	0.017242588	1.4730124	4.773005	0.0	0.0	0.0	3.5340784	3.0711606
GSM1133189_Weiqing_He_L-Glu-2_022410.CEL	0.0	0.0	0.0	3.1041956	4.349415	0.08085379	0.0	0.0	4.0648246	2.0386896
GSM1133190_Weiqing_He_L-Arg-2_022410.CEL	0.0	0.0	0.0	3.145082	5.4503922	0.0	0.0	0.0	5.027015	0.6182326
GSM1133191_Weiqing_He_D-Glu-2_022410.CEL	0.024933383	0.3974177	0.18874907	0.62659967	6.8875613	0.097108394	0.0	0.0	2.8609686	0.0
GSM1146022_pJN105_1.CEL	0.0	0.12357238	0.0	4.431041	0.7543194	1.685968	0.0	0.0	2.821865	0.1307567
GSM1146023_pJN105_2.CEL	1.1252638	0.0	0.0	2.3711042	0.0	0.89230084	0.0	0.531437	2.0151293	0.0
GSM1146024_phaF_1.CEL	0.23395123	0.0	0.0	3.282379	0.13400936	1.7943662	0.0	0.23080295	2.276567	0.0
GSM1146025_phaF_2.CEL	0.0	0.0	0.0	3.9352763	0.49379465	1.3386031	0.0	0.0	3.0115542	0.0
GSM1177842_PAO1-1.CEL	0.0	6.203481	1.1054792	0.0515458	5.6308923	0.2065016	4.443881	0.0	0.0	0.0
GSM1177843_PAO1-2.CEL	0.0	5.6516037	0.8148319	0.0	5.2267637	0.23167925	4.295519	0.0	0.0	0.0
GSM1177844_PAO1-3.CEL	0.0	5.743562	0.970553	0.11260453	5.2893553	0.2275953	3.9426095	0.0	0.0	0.0
GSM1177845_PAO1-AMV-1.CEL	0.0	5.390409	1.3304148	0.85476375	4.872692	0.2524919	3.458116	0.0	0.0	0.0
GSM1177846_PAO1-AMV-2.CEL	0.0	5.2940617	0.94459945	0.8206934	5.541098	0.2610526	3.5386033	0.0	0.0	0.0
GSM1177847_PAO1-AMV-3.CEL	0.0	5.230327	1.0665745	0.758274	5.2536907	0.31818536	3.1215847	0.0	0.0	0.0
GSM1181847_gc_WT1_1.CEL	0.0	2.2235475	1.6170344	0.0	4.0347643	0.0	0.0	0.0	0.0	3.196223
GSM1181848_gc_WT2_3.CEL	0.0	2.0919576	1.0646613	0.0	4.705314	0.0	0.0	0.0	0.0	3.3392613
GSM1181849_gc_Delta1_2.CEL	0.0	2.3748937	1.8815997	0.0	4.1505523	0.0	0.0	0.0	0.0	3.0297546
GSM1181850_gc_Delta2_4.CEL	0.0	2.1797156	1.020321	0.0	4.14199	0.0	0.0	0.0	0.0	3.443639
GSM1191066_sphR-pyr-1.CEL	1.1853322	5.7387357	0.0	0.0	0.0	0.0	0.0	0.0	1.702794	0.0
GSM1191067_sphR-pyr-2.CEL	1.3101804	6.0508685	0.0	0.0	0.26312003	0.0	0.0	0.0	1.8267211	0.0
GSM1191068_sphR-surf-1.CEL	0.83791494	5.8961396	0.0	0.0	0.0	0.0	0.0	0.0	1.7315284	0.0
GSM1191069_sphR-surf-2.CEL	0.9779303	5.489672	0.0	0.0	0.0	0.0	0.0	0.0	2.3334465	0.0
GSM1191070_WT-pyr-1.CEL	1.0263422	5.653099	0.0	0.0	0.09656584	0.0	0.0	0.0	2.3336995	0.0
GSM1191071_WT-pyr-2.CEL	1.3515987	5.921279	0.0	0.0	0.04058689	0.0	0.0	0.0	1.699406	0.0
GSM1191072_WT-surf-1.CEL	0.77456063	5.8136287	0.0	0.0	0.0	0.0	0.0	0.0	1.6444665	0.0
GSM1191073_WT-surf-2.CEL	1.0410426	5.313205	0.0	0.0	0.0	0.0	0.0	0.0	2.4578323	0.10433453
GSM1206643_WT-PYR-1.CEL	2.2375064	6.5231533	0.0	0.0	0.0	0.0	0.0	0.0	0.9693334	0.0
GSM1206644_WT-PYR-2.CEL	2.4426243	6.363608	0.0	0.0	0.0	0.0	0.0	0.0	0.91846764	0.0
GSM1206645_WT-CHO-1.CEL	2.3710144	6.4197264	0.0	0.0	0.0	0.0	0.0	0.0	0.80377066	0.0
GSM1206646_WT-CHO-2.CEL	2.794288	6.401532	0.0	0.0	0.0	0.0	0.0	0.0	0.44403762	0.0
GSM1206647_WT-DTC-1.CEL	2.831658	6.2224402	0.0	0.0	0.0	0.0	0.0	0.0	0.604385	0.0
GSM1206648_WT-DTC-2.CEL	3.0509982	6.2864103	0.0	0.0	0.0	0.0	0.0	0.0	0.48372042	0.0
GSM1206649_WT-ETC-1.CEL	2.6598315	6.360257	0.0	0.0	0.0	0.0	0.0	0.0	0.5691226	0.0
GSM1206650_WT-ETC-2.CEL	2.5882802	5.9639473	0.0	0.0	0.0	0.0	0.0	0.0	0.34512663	0.0
GSM1206651_WT-PRC-1.CEL	2.759926	6.4164724	0.0	0.0	0.0	0.0	0.0	0.0	0.5050202	0.0
GSM1206652_WT-PRC-2.CEL	2.5351806	6.5663767	0.0	0.0	0.0	0.0	0.0	0.0	0.62411857	0.0
GSM1206653_dgcA-CHO-1.CEL	2.918998	6.419382	0.0	0.0	0.0	0.015701324	0.0	0.13848431	0.10019429	0.0
GSM1206654_dgcA-CHO-2.CEL	2.6910126	6.5672317	0.0	0.0	0.0	0.0	0.0	0.0	0.2258977	0.0
GSM1237734_M9_H103_2_51059600653056031211409890238138.CEL	0.0	0.0	1.3293331	0.31001255	4.2543483	0.0	0.0	0.0	0.0	1.2350489
GSM1237735_M9_H103_3_51059600653061050411410396750551.CEL	0.0	0.0	1.7030933	0.40629733	4.661514	0.0	0.0	0.0	0.0	1.0952977
GSM1237736_M9_H103_4_51059600653061050411410396750502.CEL	0.0	0.0	0.43487597	0.0	4.18607	0.0	0.0	0.0	0.0	3.0937345
GSM1237737_M9_PAOSX_1_51059600653060050411410396750419.CEL	0.0	0.14699867	0.18815738	0.0	3.1599867	0.0	0.0	0.0	0.0	4.393921
GSM1237738_M9_PAOSX_3_51059600653060050411410396750359.CEL	0.0	0.0	0.24136668	0.0	3.5900817	0.0	0.0	0.0	0.0	3.922862
GSM1237739_M9_PAOSX_4_51059600653061050411410396750526.CEL	0.0	0.0	0.13891353	0.0	3.5484273	0.0	0.0	0.0	0.0	3.126082
GSM1244967_PAO1-22-replicate-01.CEL	0.0	0.0	0.14427994	0.0	1.3352321	0.0132475495	5.017973	5.21518	0.0	0.0
GSM1244968_PAO1-22-replicate-02.CEL	0.0	0.0	0.23130837	0.0	1.2769592	0.03933668	4.8519773	5.2617598	0.0	0.0
GSM1244969_PAO1-22-replicate-03.CEL	0.0	0.0	0.23721719	0.0	1.4130675	0.016016662	4.9611635	5.327437	0.0	0.0
GSM1244970_PAO1-37-replicate-01.CEL	0.0	0.0	0.0	0.0	2.266402	0.009415925	4.62879	5.0437164	0.0	0.0
GSM1244971_PAO1-37-replicate-02.CEL	0.0	0.0	0.0	0.0	2.4604223	0.0	4.5861645	5.0034423	0.0	0.0
GSM1244972_PAO1-37-replicate-03.CEL	0.0	0.0	0.0	0.0	2.1802676	0.00323236	4.467042	5.086969	0.0	0.0
GSM1267086_HZI1981_G1a.CEL	0.2496432	0.0	0.07037409	0.0	4.9629345	0.0	0.0	0.0	0.0	0.0
GSM1267087_HZI1950_Pae_G1a.CEL	0.0055869445	0.0	0.0	0.0	6.1105103	0.0	0.0	0.0	0.0	0.0
GSM1267088_HZI1951_Pae_G1a.CEL	0.32927758	0.0	0.0	0.0	4.7498956	0.0	0.0	0.0	0.0	0.0
GSM1267089_HZI1952_Pae_G1a.CEL	0.041239962	0.0	0.0	0.0	5.335109	0.0	0.0	0.0	0.0	0.0
GSM1267090_HZI1953a_Pae_G1a.CEL	0.0	0.13991264	0.3071197	0.0	4.8552136	0.0	0.0	0.0	0.0	0.041188568
GSM1267091_HZI1954_Pae_G1a.CEL	0.0	0.92714137	2.1489558	0.0	3.7966566	0.0	0.0	0.0	0.0	0.9469599
GSM1267092_HZI1955_Pae_G1a.CEL	0.0	1.9519453	0.0	0.5105031	5.1458845	0.0	0.0	0.0	2.335559	1.8344828
GSM1267093_HZI1956_Pae_G1a.CEL	0.0	1.7989728	2.4225473	0.0	3.2703855	0.0	0.0	0.0	0.0	1.8525747
GSM1267094_HZI1958_Pae_G1a.CEL	0.41508037	1.1603379	1.7208123	0.0	1.8365304	0.0	0.0	0.0	0.0	1.2088737
GSM1267095_HZI1959_Pae_G1a.CEL	1.4061342	0.6026592	2.3019824	0.0	0.6973325	0.0	0.0	0.0	0.0	0.8643005
GSM1267096_HZI1960a_Pae_G1a.CEL	0.0	1.8328831	1.2096825	0.0	3.2308545	0.0	0.0	0.0	0.0	2.7246826
GSM1267097_HZI1961_Pae_G1a.CEL	0.2925132	1.1533154	0.0	0.0	2.7092612	0.0	0.0	0.0	0.0	2.1657796
GSM1267098_HZI1962_Pae_G1a.CEL	0.06439945	1.083153	0.0	0.0	3.5325565	0.0	0.0	0.0	0.046381116	2.3788204
GSM1267099_HZI1963_Pae_G1a.CEL	0.1594682	0.48267525	0.0	0.103619725	3.1065075	0.0	0.0	0.0	0.08838016	1.5501443
GSM1267100_HZI1966_Pae_G1a.CEL	0.0	0.0	0.0	0.0	5.9579425	0.0	0.0	0.0	0.0	0.06810796
GSM1267101_HZI1967_Pae_G1a.CEL	2.0125074	0.009829134	0.0	0.0	3.3935108	0.0	0.0	0.0	0.0	0.0
GSM1267102_HZI1968_Pae_G1a.CEL	0.0048363507	0.0	0.0	0.0	6.5492907	0.0	0.0	0.0	0.17323703	0.0
GSM1267103_HZI1969_Pae_G1a.CEL	0.0	0.0	0.0	0.0	6.895709	0.0	0.0	0.0	0.17342983	0.0
GSM1267104_HZI1970_Pae_G1a.CEL	0.0	0.0	0.0	0.0	6.9023037	0.0	0.0	0.0	0.15183438	0.0
GSM1267105_HZI1971_Pae_G1a.CEL	0.0042744353	0.0	0.0	0.0	6.598414	0.0	0.0	0.0	0.0	0.0
GSM1267106_HZI1972_Pae_G1a.CEL	0.002455011	0.0	0.0	0.0	6.62212	0.0	0.0	0.0	0.0	0.0
GSM1267107_HZI1973_Pae_G1a.CEL	0.0012948066	0.0	0.0	0.0	6.572663	0.0	0.0	0.0	0.0	0.0
GSM1267108_HZI1974_G1a.CEL	0.04658307	0.0	0.0	0.0	6.02424	0.0	0.0	0.0	0.0	0.0
GSM1267109_HZI1975_G1a.CEL	0.1790388	0.0	0.0	0.0	5.66133	0.0	0.0	0.0	0.0	0.0
GSM1267110_HZI1976_G1a.CEL	1.1066041	0.0	0.0	0.0	4.112032	0.0	0.0	0.0	0.0	0.0
GSM1267111_HZI1977_G1a.CEL	0.9495023	0.0	0.0	0.0	4.452479	0.0	0.0	0.0	0.0	0.0
GSM1267112_HZI1978_G1a.CEL	0.15738766	0.0	0.0	0.0	5.9419394	0.0	0.0	0.0	0.0	0.0
GSM1267113_HZI1979_G1a.CEL	0.09404638	0.0	0.0	0.0	5.9596677	0.0	0.0	0.0	0.0	0.0
GSM155231.CEL	0.0	0.1628625	0.0	3.2056744	2.6770794	0.0	0.0	0.0	0.0	2.7717338
GSM155239.CEL	0.0	0.73548174	0.0	3.1915526	0.7888707	0.0	0.0	0.0	0.14619738	3.6355476
GSM155240.CEL	0.0	0.46142578	0.0	3.9318933	2.8567617	0.0	0.0	0.0	3.507784	2.1501575
GSM155241.CEL	0.0	0.8830211	0.0	2.762906	3.0597382	0.0	0.0	0.0	3.2544806	3.1361206
GSM155242.CEL	0.0	0.30744213	0.0	3.7199962	1.4530311	0.0	0.0	0.0	3.9834583	4.1313586
GSM155243.CEL	0.0	0.42378753	0.0	3.1364722	2.6859636	0.0	0.0	0.0	2.2372792	3.6777928
GSM155244.CEL	0.0	0.0	0.0	4.569012	1.5731246	0.23893122	0.0	0.0	4.5084405	1.7458885
GSM155245.CEL	0.0	0.0	0.0	4.449219	1.4434004	0.17157674	0.0	0.0	4.9386992	2.6841428
GSM156153.CEL	0.0	0.0	1.0169132	3.3815734	2.9661815	0.0	0.0	0.0	0.0	0.6249731
GSM156154.CEL	3.7335315	0.0	1.9199204	0.0	0.0	0.0	0.0	0.0	0.0	0.0
GSM156155.CEL	0.0	0.0	0.0	2.9612484	3.605569	0.0	0.0	0.0	0.0	0.0
GSM156156.CEL	0.3125959	0.0	0.0	2.416903	2.253181	0.0	0.0	0.0	0.0	0.0
GSM156157.CEL	0.0	0.0	0.02458658	4.528709	3.6410077	0.0	0.0	0.0	0.0	0.0
GSM156158.CEL	0.0	0.0	0.0	4.5855627	4.0962324	0.0	0.0	0.0	0.0	0.0
GSM156172.CEL	0.0	0.0	0.0	4.3548946	2.274835	0.0	0.0	0.0	0.0	0.0
GSM156173.CEL	0.0	0.0	0.029365122	4.4366918	3.1591716	0.0	0.0	0.0	0.0	0.0
GSM156174.CEL	0.0	0.0	3.966981	0.5845803	2.7396355	0.27230522	0.0	0.0	0.0	0.7458785
GSM156175.CEL	0.0	0.0	4.6175046	0.33770913	2.9082243	0.0	0.0	0.0	0.0	0.7616209
GSM175247.CEL	2.1461446	1.3229444	3.7596004	0.0	1.4052279	0.14742893	0.7636641	0.0	0.0	0.0
GSM175248.CEL	4.219925	0.26315233	3.0166862	0.0	0.0	0.088182	0.17673653	0.0	0.0	0.0
GSM177216.CEL	0.0	0.0016725361	0.61526245	0.0	3.400686	0.05078897	3.1075666	0.0	0.49739116	2.5423245
GSM177218.CEL	0.39608628	0.0	0.8080746	0.0	1.9582822	0.0	2.870903	0.0	0.0	0.9907893
GSM187265.CEL	0.09522504	0.0	4.109167	3.080748	3.7667437	0.45676655	0.0	0.0	0.0	0.0
GSM187266.CEL	0.1616191	0.0	2.1957605	4.5180345	3.4532893	0.5856214	0.0	0.0	0.0	0.0
GSM187267.CEL	0.0	0.0	3.3514473	4.335847	5.353078	0.0	0.0	0.0	0.0	0.0
GSM187270.CEL	0.0	0.9324272	2.6238253	1.1499581	1.152246	1.4891201	0.0	0.7308934	0.0	0.0
GSM187281.CEL	0.08231599	0.0	1.2042141	2.0653837	2.4476945	1.3799413	0.0	0.05677954	0.0	0.0
GSM187282.CEL	0.72268456	0.0	1.183038	0.38317198	0.3446741	1.746963	0.0	0.72386396	0.0	0.0
GSM187283.CEL	1.1477238	1.351752	0.23542993	1.5078542	0.0	1.8874735	0.0	0.5449612	0.0	0.0
GSM187284.CEL	2.0495782	0.7069786	0.0	1.2439916	0.0	1.4978706	0.0	1.6765748	0.0	0.0
GSM197237.CEL	0.0	0.41986704	0.6151857	0.61809105	2.6368573	0.0	2.7966576	0.0	0.08394976	3.243965
GSM197238.CEL	4.1719513	0.0	1.8637583	0.6859896	0.0	0.0	0.0	0.0	0.0	0.0
GSM198186.CEL	0.0	0.0	1.4683304	2.900634	4.9015718	0.0	0.0	0.0	0.0	0.0
GSM198187.CEL	0.0	0.0	1.7816253	3.9799042	5.3395767	0.0	0.0	0.0	0.0	0.0
GSM198188.CEL	0.25545806	0.0	1.4087636	2.8284092	3.4152024	0.0	0.0	0.0	0.0	0.0
GSM198189.CEL	0.19197816	0.39386496	3.5946567	2.9828176	4.215081	0.0	0.0	0.0	0.0	0.0
GSM198190.CEL	0.08604329	0.6166477	0.9902162	3.0703382	5.1422844	0.0	0.0	0.0	1.62369	0.0
GSM198191.CEL	0.0030891523	0.710119	1.3480921	2.3915153	5.098684	0.0	0.0	0.0	1.2444042	0.0
GSM199982.CEL	0.17512062	0.0	0.45429277	0.0	1.9931366	0.0	4.7701025	0.0	0.0	2.300073
GSM199983.CEL	0.24916112	0.0	0.39157087	0.0	1.8092186	0.0	4.7309933	0.0	0.0	2.1837068
GSM199984.CEL	0.9294382	0.0	0.11007542	0.0	1.117524	0.0	3.3061662	0.0	0.0	2.518117
GSM199985.CEL	0.6128403	0.0	0.07797804	0.0	1.4541111	0.0	3.5137236	0.0	0.0	2.8339057
GSM199986.CEL	0.77705973	0.0	0.08696895	0.0	1.2613529	0.0	3.3808842	0.0	0.0	2.678892
GSM208602.CEL	0.0	0.0	0.0	0.0	0.0	3.2076426	0.44869468	0.0	0.0	4.923974
GSM208603.CEL	0.0	0.0	0.0	0.0	0.0	3.5366907	0.33735386	0.0	1.2011969	5.43422
GSM208604.CEL	0.05010072	0.0	0.0	0.0	0.0	2.9824746	0.37148285	0.0	0.0	4.235764
GSM208605.CEL	0.0	0.0	0.0	0.24707475	0.0	4.84711	0.0	0.0	2.2009876	4.608512
GSM208606.CEL	0.7437384	0.0	0.0	0.0	0.0	2.8920047	0.0	0.0	0.0	2.9617999
GSM208607.CEL	0.84663004	0.0	0.023806222	0.0	0.0	4.780908	0.0	0.5761043	0.0	3.7343814
GSM208608.CEL	0.0	0.0	0.0	0.0	0.0	5.574049	0.0	0.0	0.4287706	5.2233605
GSM208609.CEL	0.18635854	0.0	0.0	0.0	0.0	3.8285553	0.0	0.0	0.0	3.7233982
GSM208610.CEL	0.0	0.35602045	0.0	1.1616204	0.2331498	5.102797	0.0	0.0	2.2028651	3.8174207
GSM208611.CEL	0.0	0.0	0.0	0.0	0.0	5.7564797	0.0	0.0	0.38998428	5.0435123
GSM208612.CEL	0.0	0.13229564	0.0	0.0	0.0	5.373883	0.0	0.0	0.8967023	4.6316442
GSM208613.CEL	0.0	0.36310053	0.0	0.0	0.0	4.4688425	0.0	0.0	0.0	4.4964976
GSM208614.CEL	0.0	0.0	0.0	0.0	0.0	5.0365186	0.0	0.0	0.0	5.595878
GSM208615.CEL	1.411101	0.0	0.0	0.13683712	0.0	0.5049431	0.0	0.0	0.0	2.7829792
GSM208616.CEL	0.0	0.023411542	0.0	1.336062	0.5041098	0.95455766	0.0	0.0	0.7967851	4.1989856
GSM208617.CEL	0.0	0.0	0.0	1.2294874	0.5785655	1.2935243	0.0	0.0	1.4930654	5.01567
GSM208618.CEL	0.13054019	0.0	0.0	0.0	0.9691305	2.9630244	0.0	0.0	0.02997157	5.3887577
GSM208619.CEL	0.3147295	0.0	0.0	0.0	0.0	2.6840596	0.0	0.0	0.0	4.28097
GSM208620.CEL	0.5261489	0.0	0.0	0.45378053	0.36681247	0.13346171	0.0	0.0	0.0	3.2236204
GSM208621.CEL	0.0	0.0	0.0	1.3761969	1.7696908	0.6883844	0.0	0.0	1.6081723	5.1963916
GSM234928.CEL	0.25518963	0.0	1.1370308	0.48422098	1.6607845	0.0	3.6859303	0.0	0.0	0.9108515
GSM234929.CEL	4.1719513	0.0	1.8637583	0.6859896	0.0	0.0	0.0	0.0	0.0	0.0
GSM242671.CEL	0.0	1.1146674	0.0	0.0	0.0	0.0	4.7360973	0.0	2.1217797	0.0
GSM242676.CEL	0.025589556	0.0	0.0	0.6128958	0.0	0.97479033	0.5312862	0.0	4.3300056	0.0
GSM242677.CEL	0.057901375	1.2452258	0.0227568	0.0	0.0	0.0	4.7091703	0.0	1.4940628	0.0
GSM243221.CEL	0.0	0.0	0.0	0.87894565	0.0	2.4761395	0.0	0.0	2.925262	1.6311094
GSM243222.CEL	0.0	0.0	0.0	0.0	0.0	2.057362	0.40350303	0.0	2.2652943	3.8438807
GSM243223.CEL	0.0	0.0	0.0	1.0172926	0.0	1.0815388	0.0	0.0	1.7491643	3.1735456
GSM243224.CEL	0.0	0.0	0.0	0.72577995	0.0	0.627732	0.0	0.0	2.0954916	3.8185215
GSM244065.CEL	0.0	0.0	2.9778166	0.0	2.7043712	0.0	2.844646	0.0	0.0	3.5561373
GSM244066.CEL	0.0	0.0	2.6349933	0.0	2.772555	0.0	2.8673978	0.0	0.0	3.602998
GSM244067.CEL	0.0	0.0	2.7974088	0.0	2.8241644	0.0	2.638875	0.0	0.0	3.3995833
GSM244068.CEL	0.0	0.0	3.166504	0.0	2.749925	0.0	2.3393872	0.0	0.0	3.2932785
GSM244069.CEL	0.0	0.0	2.7576811	0.0	2.5212991	0.0	2.0893383	0.0	0.0	3.2897134
GSM244070.CEL	0.0	0.0	2.8076425	0.0	2.7357635	0.0	2.3922527	0.0	0.0	3.3601775
GSM244071.CEL	0.0	0.0	2.7556298	0.0	3.2384624	0.0	2.467384	0.0	0.0	4.0468097
GSM244072.CEL	0.0	0.0	2.142709	0.0	2.6444273	0.0	2.090682	0.0	0.0	3.7575488
GSM251201.CEL	0.0	0.6601613	0.05638411	3.1863618	4.8964133	0.0	0.0	0.0	3.5905745	0.62779874
GSM251202.CEL	0.0	0.6645395	0.41012365	3.9958456	3.1227453	0.0	0.0	0.0	3.0705893	2.325376
GSM251203.CEL	0.15000841	0.0	0.784141	4.019199	1.9668727	0.0	0.0	0.0	0.49828866	0.6939205
GSM251204.CEL	0.0	0.0	0.0	2.834295	2.41239	0.65634286	0.0	0.0	3.165583	3.3527784
GSM251205.CEL	0.0	0.051508754	0.0	3.5111346	3.7649417	0.0	0.0	0.0	4.1155567	0.90533686
GSM251206.CEL	0.0	0.0	0.0	2.9287329	2.3606894	0.7630739	0.0	0.0	3.3998961	2.7922597
GSM252496.CEL	2.165682	0.0	0.0	2.4407678	0.088629544	0.0	0.0	0.6140234	1.7132486	0.0
GSM252501.CEL	1.5018734	0.0	0.0	2.476456	0.05620396	0.0	0.0	0.3970856	2.2733967	0.0
GSM252505.CEL	1.1841462	0.0	0.0	2.300522	0.0	0.0	0.0	0.27760065	2.31778	0.0
GSM252506.CEL	2.0796528	0.5300161	0.0	1.6309028	0.0	1.5158817	0.0	1.1055348	1.8168651	0.0
GSM252507.CEL	1.696863	0.45184344	0.0	1.5376506	0.0	1.8691047	0.0	1.0326385	1.9742132	0.0
GSM252508.CEL	2.5444753	0.017193437	0.0	1.7810435	0.0	1.4511667	0.0	1.6350296	1.1659952	0.0
GSM252559.CEL	0.0	1.6043284	2.3468597	0.0	0.0	0.0	4.347719	0.0	0.8453424	0.09216377
GSM252560.CEL	0.0	1.9125569	1.6474862	0.0	0.0	0.0	4.6583014	0.0	1.2833605	0.48403105
GSM252561.CEL	0.0	2.0536332	2.338068	0.0	0.0	0.0	4.527817	0.0	0.88866115	0.15942857
GSM252562.CEL	0.0	1.3288425	1.0726787	0.0	0.0	0.0	4.782941	0.0	1.1637429	0.0
GSM254432.CEL	0.0	0.14771733	1.4200714	0.0	3.713143	0.17217094	3.7923565	0.0	0.0	1.7484915
GSM261915.CEL	4.2145824	0.0	0.16390085	0.0	0.0	2.619515	0.86137176	0.0	0.0	0.0
GSM261916.CEL	3.8469129	0.0	0.27038217	0.0	0.0	2.6563184	1.3283261	0.0	0.0	0.0
GSM261917.CEL	5.1116657	0.0	0.0	0.0	0.0	2.7548084	0.7764986	0.0	0.0	0.0
GSM261918.CEL	2.4853244	0.0	1.6082616	0.0	0.0	2.380322	1.7900727	0.0	0.0	0.0
GSM261919.CEL	5.6412516	0.0	0.0	0.0	0.0	2.2819026	0.42166755	0.0	0.0	0.0
GSM261920.CEL	3.9012663	0.0	0.666364	0.0	0.0	2.0715973	0.6624225	0.0	0.0	0.0
GSM261921.CEL	2.4361815	0.0	0.0	0.0020950437	0.0	2.7026868	0.84078044	0.0	0.0	0.50278306
GSM261922.CEL	0.0	0.0	0.030184716	0.0	0.29447585	4.023475	1.5093414	0.0	0.0	2.0535176
GSM261923.CEL	1.5529232	0.0	0.0	0.0	0.0	3.4006166	1.3195066	0.0	0.0	0.6906725
GSM261924.CEL	0.0	0.0	0.0	0.0	0.0	3.5366364	2.0510464	0.0	0.57486606	1.672554
GSM261925.CEL	0.65965754	0.0	0.20187908	0.0	0.0	3.348504	3.0997934	0.0	0.0	0.015689999
GSM261926.CEL	0.0	0.0	0.0	0.0	0.08126062	3.5073094	1.9545555	0.0	1.7954186	1.4804343
GSM261927.CEL	0.15740277	0.0	0.3736506	0.0	0.0	3.2675402	2.5889623	0.0	0.0	1.0537018
GSM261928.CEL	0.36338907	0.0	0.6713057	0.0	0.0	3.0052261	3.0028908	0.0	0.0	0.769256
GSM261929.CEL	0.0	0.0	0.0	0.0	0.4911406	3.6931202	2.278425	0.0	0.7578423	0.9032308
GSM261930.CEL	3.9187334	0.0	0.0	0.0	0.0	2.9957318	1.2765222	0.0	0.0	0.0
GSM261931.CEL	0.07773832	0.0	0.0	0.0	0.43134248	3.3872685	2.5469482	0.0	0.87375724	0.23759563
GSM261932.CEL	1.9312946	0.0	0.0	0.0	0.0	3.3027978	1.1611574	0.0	0.0	0.028753728
GSM261933.CEL	1.5315332	0.0	1.1372316	0.0	0.0	2.6659744	2.0797226	0.0	0.0	0.7170284
GSM261934.CEL	1.135752	0.0	0.14109646	0.0	0.0	3.0823386	2.2781143	0.0	0.0	0.75117546
GSM261935.CEL	0.0	0.0	0.0	0.0	0.0	3.8900776	1.3537763	0.0	0.18798314	1.4534594
GSM261936.CEL	0.0	0.0	0.0	0.0	0.0	4.145882	1.3510071	0.0	0.0	1.0396967
GSM261937.CEL	0.0	0.0	0.0	0.0	0.0	4.1800184	1.4651014	0.0	0.0	1.3149719
GSM261938.CEL	0.0	0.0	0.0	0.026988208	0.1700666	4.4408193	1.3082485	0.0	0.48964664	1.5927399
GSM267248.CEL	1.2913378	0.0	0.48252833	2.8108633	0.0	0.0	0.0	0.0	0.0	1.5444059
GSM267249.CEL	0.730957	0.10275856	1.4877925	1.5799792	0.08983213	0.0	0.0	0.0	0.0	1.935284
GSM267250.CEL	0.51686764	0.0	0.0	2.59367	0.0	0.020922005	0.0	0.0	0.20357352	2.6127183
GSM267251.CEL	0.8350255	0.0	0.0	2.7957387	0.0	0.09927264	0.0	0.0	0.018671572	2.044715
GSM267252.CEL	2.2676997	0.0	2.0004885	1.347218	0.0	0.0	0.0	0.0	0.0	1.0101297
GSM267253.CEL	1.3883582	0.0	1.4291592	1.1392946	0.0	0.0	0.3189174	0.0	0.0	0.96214056
GSM267254.CEL	1.1391479	0.0	0.56645185	0.73737866	0.0	0.0	0.0	0.0	0.0	2.3144486
GSM267255.CEL	0.53014433	0.0	0.7391611	0.78421867	0.0	0.0	0.0	0.0	0.0	2.790599
GSM267256.CEL	2.2734144	0.0	3.251286	0.0	0.0	0.0	1.3894066	0.0	0.0	1.0343473
GSM267257.CEL	2.835218	0.0	2.9776406	0.5937567	0.0	0.0	0.71393776	0.0	0.0	0.18827578
GSM267258.CEL	1.1941497	0.0	2.4891903	0.0	0.002173543	0.0	1.956847	0.0	0.0	1.8159162
GSM267259.CEL	1.4864194	0.0	2.8453057	0.0	0.0	0.0	1.5938927	0.0	0.0	1.482115
GSM290747.CEL	0.0	1.3442557	0.0	1.6861494	0.78302014	0.0	0.0	0.0	1.5093522	4.414735
GSM290748.CEL	0.0	1.5766678	0.020620897	1.7651944	0.63914865	0.0	0.0	0.0	1.2668362	4.1678576
GSM290749.CEL	0.0	1.2619262	1.6309094	0.0	1.7338502	0.3325121	0.0	0.0	0.0	0.5227315
GSM290750.CEL	0.0749981	1.1239688	1.2926159	0.0	1.1454138	0.09118402	0.0	0.0	0.0	0.9435792
GSM290751.CEL	0.0	1.2167518	1.2083712	0.71142423	2.0783925	0.45886678	0.0	0.0	0.023795903	0.0
GSM290752.CEL	0.0	1.3974671	1.6230791	0.0	1.5137367	0.011214346	0.0	0.0	0.0	1.226766
GSM307112.CEL	0.0	0.0	0.0	2.434352	1.1200719	0.0	0.0	0.0	1.7562386	1.049928
GSM307113.CEL	0.0	0.0	0.0	2.479579	1.0509439	0.029215574	0.0	0.0	1.9907194	1.3586903
GSM307114.CEL	0.0	0.0	0.0	2.8931692	1.9077513	0.041539848	0.0	0.0	2.8750305	1.974276
GSM307115.CEL	1.2699414	0.0	6.3317056	0.0	0.0	0.06292984	2.8754416	0.9120915	0.0	0.0
GSM307116.CEL	2.7505124	0.0	5.3943305	0.0	0.0	0.051761776	1.6329195	0.7689749	0.0	0.0
GSM307117.CEL	2.4432166	0.0	5.8089905	0.0	0.0	0.06255919	2.1157718	1.037398	0.0	0.0
GSM307118.CEL	0.0	0.0	0.0	2.052702	2.5241618	0.0	1.3808684	0.0	0.18887988	1.7805958
GSM307119.CEL	0.0	0.0	0.0	3.1387923	2.6465933	0.0	0.8581672	0.0	0.73601484	1.8987793
GSM307120.CEL	0.0	0.0	0.0	2.9173586	2.486039	0.0	0.79851216	0.0	0.6259351	1.955111
GSM307121.CEL	0.070854574	0.0	2.2510443	0.0	0.6071118	0.0	0.86331886	0.0	0.0	0.0
GSM307122.CEL	0.13037324	0.0	2.669369	0.0	0.036706507	0.0	0.9844504	0.0	0.0	0.0
GSM307123.CEL	0.0	0.0	2.6550138	0.0	0.24697882	0.0	1.3610927	0.0	0.0	0.0
GSM307124.CEL	0.8461327	0.0	3.1444929	0.0	0.0	0.0	0.0	0.0	0.0	1.9827629
GSM307125.CEL	0.7334898	0.0	3.1081645	0.0	0.0	0.0	0.0	0.0	0.0	2.0426226
GSM307126.CEL	0.18384501	0.0	3.4162445	0.0	0.0	0.0	0.0	0.0	0.0	2.6288843
GSM307134.CEL	0.0	0.0	1.0111613	0.0	2.9949546	0.0	3.3176253	0.0	0.0	2.4819448
GSM307135.CEL	0.14216362	0.0	1.1027155	0.0	2.6365092	0.0	3.2651584	0.0	0.0	1.8659834
GSM318398.CEL	2.6934514	0.0	5.1985273	0.0	0.0	0.23151433	0.0	0.0	0.0	0.0
GSM318399.CEL	1.9124284	0.0	2.5291376	0.0	0.16482806	0.05706063	0.0	0.0	0.0	0.0
GSM318400.CEL	1.4014705	0.0	5.12413	0.0	0.0	0.33193114	0.0	0.0	0.0	0.0
GSM318401.CEL	4.186597	0.0	3.775773	0.59544057	0.0	0.13192847	0.0	0.0	0.0	0.0
GSM318402.CEL	3.0228443	0.0	2.6815257	0.0	0.0	0.037131757	0.0	0.0	0.0	0.0
GSM318403.CEL	4.0321484	0.0	3.6116273	0.9697054	0.0	0.086786896	0.0	0.0	0.0	0.0
GSM318404.CEL	1.3380224	0.0	2.7518737	2.4727414	0.0	1.828969	0.0	0.0	0.0	0.0
GSM318405.CEL	1.4774257	0.0	1.839675	0.7267008	0.058595955	1.2105527	0.0	0.0	0.0	0.0
GSM318406.CEL	2.6349027	0.0	2.7624338	1.6152165	0.0	0.76597285	0.0	0.0	0.0	0.0
GSM318407.CEL	3.4102907	0.0	3.109867	2.1209805	0.0	0.17646077	0.0	0.0	0.0	0.0
GSM318408.CEL	0.25656277	0.21198776	3.9434927	0.7959917	0.5915614	0.89305675	0.0	0.0	0.0	0.0
GSM318409.CEL	3.893491	0.0	1.5813718	0.32923192	0.0	0.0	0.0	0.0	0.0	0.0
GSM318716.CEL	0.0	1.7603881	0.0	0.0	0.0	0.0	5.3090506	0.0	2.092186	0.064112246
GSM334310.CEL	0.0	0.0	0.0	2.9244764	0.66565305	0.0	0.0	0.0	3.526967	4.767364
GSM334311.CEL	0.0	0.0	0.0	3.0128949	0.7471988	0.0	0.0	0.0	4.6236105	2.9091794
GSM334312.CEL	0.0	0.043111086	0.0	2.3960555	0.0	0.0	0.0	0.05923257	2.1410284	2.93658
GSM334313.CEL	0.0	0.0	0.0	1.245827	0.12069219	0.0	0.0	0.0	1.497485	3.5636547
GSM334314.CEL	0.0	0.0	0.0	2.5649488	0.72133154	0.0	0.0	0.0	3.3853877	3.4708076
GSM334315.CEL	0.0	0.0	0.0	2.1736956	0.13904	0.0	0.0	0.0	2.805529	3.631303
GSM335182.CEL	3.2826598	0.0	0.0	0.0	0.0	0.022282422	1.4708002	0.0	0.8075305	0.0
GSM335183.CEL	5.731756	0.0	0.0	0.0	0.0	0.4573569	0.25035065	0.0	0.0	0.0
GSM349042.CEL	1.7402666	0.65971386	0.0	0.0	0.0	0.0	3.0342028	0.0	1.242995	0.0
GSM349045.CEL	0.0	1.369467	0.0	0.0	0.0	0.029859602	4.9816675	0.0	2.598118	0.0
GSM349047.CEL	0.0	2.2247102	0.0	0.0	0.0	0.0	5.407713	0.0	2.7397656	0.0
GSM349048.CEL	0.13941544	1.1551434	0.0	0.0	0.0	0.0	3.7400804	0.0	2.0639532	0.0
GSM356953.CEL	4.249588	0.0	1.3411648	3.397557	0.0	0.0	0.0	0.0	0.0	0.0
GSM356954.CEL	4.1843634	0.0	1.4647038	3.0554295	0.0	0.0	0.0	0.0	0.0	0.0
GSM356955.CEL	4.1141586	0.0	1.4669528	3.1205919	0.0	0.0	0.0	0.0	0.0	0.0
GSM356956.CEL	4.5379314	0.0	1.8255537	2.6001492	0.0	0.04262033	0.0	0.0	0.0	0.0
GSM356957.CEL	4.9240055	0.0	2.2407746	2.4854167	0.0	0.07599726	0.0	0.0	0.0	0.0
GSM356958.CEL	4.723036	0.0	1.8132632	2.2179756	0.0	0.07379824	0.0	0.0	0.0	0.0
GSM356959.CEL	5.8138456	0.0	1.8078306	2.0950544	0.0	0.21684863	0.0	0.08353615	0.0	0.0
GSM356960.CEL	5.7528887	0.0	2.145953	2.4436939	0.0	0.1432127	0.0	0.13778138	0.0	0.0
GSM356961.CEL	5.2787466	0.0	1.7134998	2.1366467	0.0	0.054142028	0.0	0.0	0.0	0.0
GSM366976.CEL	0.0	2.3688517	0.24027963	0.0	0.0	0.0	5.3205423	0.0	1.7742448	0.0
GSM366977.CEL	0.0	2.6478193	1.1747813	0.0	0.0	0.0	5.0880966	0.0	0.84703064	0.0
GSM375702.CEL	0.0	1.1309948	0.0	0.0	0.0	0.0	2.7030087	0.0	3.7734556	2.2499077
GSM375703.CEL	0.0	0.8921802	0.0	0.098366976	0.0	0.0	1.8866783	0.0	3.9833322	2.3952794
GSM393044.CEL	0.0	0.0	2.5906754	0.0	1.8035924	0.0	1.6800528	0.0	0.0	2.6977386
GSM393045.CEL	0.0	0.0	2.6621192	0.0	2.5580819	0.0	2.011085	0.0	0.0	3.5495043
GSM424829.CEL	5.0643444	0.0	0.32363713	0.0	0.0	0.0	0.0	0.0	0.0	0.0
GSM424830.CEL	5.7129326	0.0	0.10962869	0.0	0.0	0.01713264	0.0	0.0	0.0	0.0
GSM424831.CEL	5.392021	0.0	0.35934687	0.0	0.0	0.0	0.0	0.0	0.0	0.0
GSM424832.CEL	2.8554337	0.0	1.1342523	0.0	0.0	0.0	0.0	0.0	0.0	0.3752305
GSM424833.CEL	2.9644034	0.0	1.1814106	0.0	0.0	0.0	0.0	0.0	0.0	0.3767924
GSM424834.CEL	4.182353	0.0	1.0193977	0.0	0.0	0.0	0.0	0.0	0.0	0.0
GSM424835.CEL	4.389429	0.0	0.9153751	0.0	0.0	0.0	0.0	0.0	0.0	0.0
GSM424836.CEL	4.867999	0.0	1.9941039	0.0	0.0	0.06960654	0.0	1.4090996	0.0	0.0
GSM429472.CEL	1.3864423	0.0	0.13374858	2.7544024	0.14650756	0.0	0.0	0.0	0.1290763	0.0
GSM429475.CEL	2.3813462	0.0	0.7850267	2.536961	0.0	0.017332286	0.0	0.19106908	0.0	0.0
GSM429476.CEL	2.8394146	0.0	2.8482451	0.0	0.0	0.0	0.0	0.45156878	0.0	0.1357603
GSM429477.CEL	3.0643718	0.0	2.7358088	0.0	0.0	0.078136474	0.0	0.7167476	0.0	0.0
GSM429478.CEL	3.7102416	0.0	3.314246	0.044899583	0.0	0.09785107	0.0	1.1185702	0.0	0.0
GSM429479.CEL	2.9349155	0.0	3.0677607	0.27843857	0.0	0.2446487	0.0	0.7010981	0.0	0.0
GSM429480.CEL	1.1212622	0.0	2.976745	0.0	0.0	0.22323056	0.0	0.03980095	0.0	1.3351289
GSM429481.CEL	1.5430686	0.0	2.7479165	0.0	0.0	0.2740897	0.0	0.057983212	0.0	1.2275658
GSM432860.CEL	0.0	0.0	0.0	4.584186	0.192738	0.5317316	0.0	0.0	2.9802463	3.8602333
GSM432861.CEL	0.0	0.0	0.0	4.8101497	0.07140094	0.39901784	0.0	0.0	3.281604	3.4927378
GSM432862.CEL	0.0	0.04394564	0.0	4.283772	0.5078446	0.8891171	0.0	0.0	2.9964252	3.0305216
GSM432863.CEL	0.0	0.0	0.0	3.903255	0.1629178	0.6189559	0.0	0.0	2.3079538	3.3017335
GSM432864.CEL	0.0	0.0	0.0	5.133161	0.19449028	0.69351804	0.0	0.0	3.6824436	1.7483543
GSM432865.CEL	0.0	0.0	0.0	5.1856627	0.2730553	1.0765725	0.0	0.0	3.5620584	1.5543374
GSM432866.CEL	0.0	0.0	1.5767398	0.0	0.9718014	0.0	1.6648669	0.0	0.0	4.1852903
GSM432867.CEL	0.0	0.0	1.1853099	0.0	1.3257623	0.0	1.1572676	0.0	0.0	4.55514
GSM432868.CEL	0.0	0.0	1.4529521	0.0	0.8204102	0.09615171	0.36925668	0.0	0.0	4.3894024
GSM432869.CEL	0.0	0.024904191	2.488417	0.0	2.0966911	0.0	1.5899453	0.0	0.0	4.435771
GSM432870.CEL	0.0	0.0	0.9195308	0.0	3.385668	0.0	3.1704051	0.0	0.0	2.145245
GSM432871.CEL	0.0	0.0	0.6134453	0.0	3.7212806	0.0	2.6825564	0.0	0.0	2.5951378
GSM45588.CEL	3.2686086	0.0	3.5755584	0.0	0.0	0.0	0.9098874	1.3207803	0.0	0.0
GSM45589.CEL	4.3314047	0.0	2.858377	0.0	0.0	0.0	0.36442235	1.0177314	0.0	0.0
GSM45590.CEL	3.1023934	0.0	1.7634492	0.0	0.0	0.24976654	0.0	0.04717771	0.0	0.0
GSM45591.CEL	1.9539399	0.0	2.6813946	0.0	0.0	0.14099175	0.36265397	0.7959351	0.0	0.0
GSM462061.CEL	4.810006	0.81436205	0.0	0.0	0.0	0.2071172	0.0	0.0	0.3674736	0.0
GSM462062.CEL	1.7622678	1.2259094	0.0	0.0	0.0	0.016428739	1.118648	0.0	0.9991598	0.0
GSM462063.CEL	0.0	0.81879413	1.1595283	0.0	0.0	0.0715363	5.4018717	0.0	0.19079344	0.0
GSM462064.CEL	0.0	1.7416437	0.3869946	0.0	0.0	0.0	3.7799299	0.0	1.3370277	2.7140372
GSM462352.CEL	0.14189582	1.9677143	0.19450276	0.97183913	0.52759796	0.0	0.6124326	0.0	1.340387	0.0
GSM462353.CEL	0.0	2.4581811	0.07759648	0.0	1.0477798	0.0	2.631698	0.0	4.3048687	0.0
GSM462354.CEL	0.0	2.109053	0.0	0.0	0.0	0.0	3.7566874	0.0	3.040804	2.6039603
GSM462355.CEL	0.0	2.6540043	0.0	0.0	0.0	0.0	3.7729456	0.0	3.0318437	2.1808429
GSM537320.CEL	4.6848574	3.632355	0.0	0.0	0.077304244	0.0	0.0	0.0	0.0	0.0
GSM537321.CEL	4.770253	3.4208143	0.0	0.0	0.0	0.0	0.0	0.0	0.0	0.0
GSM541640.CEL	0.0	0.86089575	0.0	2.6341162	0.2486648	2.3543665	0.0	0.0	3.3013587	1.995327
GSM541641.CEL	0.0	0.9858464	0.060087085	2.7151055	0.3961635	2.3036468	0.0	0.0	3.3720968	1.8008063
GSM541642.CEL	0.0	2.0019884	3.2670486	0.0	0.0	0.15088594	1.2583247	0.0	0.0	2.9966002
GSM541643.CEL	0.0	2.2254276	4.196791	0.0	0.0	0.16184121	1.2497456	0.0	0.0	2.5085442
GSM541644.CEL	0.0	2.804219	2.5589411	0.0	0.0	0.37774265	0.0	0.0	0.0	3.8307848
GSM541645.CEL	0.0	3.3090875	3.157995	0.0	0.0	0.23608893	0.0	0.0	0.0	3.9195879
GSM541646.CEL	1.9243317	0.0	3.755133	0.0	0.0	0.149201	0.0	0.53763384	0.0	0.11767006
GSM541647.CEL	2.3198154	0.0	4.1371193	0.0	0.0	0.17774558	0.0	0.84156144	0.0	0.0701966
GSM541648.CEL	0.0	0.8460634	1.3679848	0.0	0.2635738	0.14944172	4.898381	0.0	0.0	1.1000892
GSM541649.CEL	0.0	0.78899145	1.6527176	0.0	0.2306582	0.20300454	5.1562653	0.0	0.0	0.9841101
GSM546244.CEL	0.0	0.0	0.0	2.8770862	0.11724657	1.0886916	0.0	0.0	5.1835103	0.0
GSM546245.CEL	0.0	0.0	0.0	2.5394964	0.0	1.1935893	0.0	0.0	5.6884956	0.0
GSM546246.CEL	0.0	0.0	0.0	2.6167877	0.0	0.9608669	0.0	0.0	5.1878934	0.0
GSM546247.CEL	0.0	0.0	0.0	2.471721	0.0	1.1903657	0.0	0.0	5.36043	0.0
GSM546248.CEL	0.0	0.0	0.0	2.5925646	0.0	1.3400514	0.0	0.0	4.889273	0.0
GSM546249.CEL	0.0	0.0	0.0	2.0097363	0.0	1.3699374	0.0	0.0	5.4249196	0.0
GSM546250.CEL	0.0	0.0	0.0	0.108766794	0.39661548	0.6217892	0.18068415	0.0	5.4542227	0.0
GSM546251.CEL	0.0	0.0	0.0	0.17377174	0.13338286	0.89138067	0.0	0.0	5.367139	0.0
GSM546252.CEL	0.0	0.0	0.0	1.5151575	0.0	1.6396829	0.0	0.0	5.5685935	0.0
GSM546253.CEL	0.0	0.0	0.0	1.6230974	0.0	1.3007948	0.0	0.0	5.241432	0.0
GSM546254.CEL	0.0	0.0	0.0	2.6570451	0.2673197	1.7870458	0.0	0.0	5.804786	0.0
GSM546255.CEL	0.0	0.24179283	0.0	2.9428256	0.0	1.0975146	0.0	0.0	4.288646	0.0
GSM546256.CEL	0.0	0.0	0.0	0.0	1.2296047	1.8638653	0.0	0.0	4.515964	0.0
GSM546257.CEL	0.0	0.0	0.0	0.3256722	0.3007238	1.9558444	0.0	0.0	4.7682285	0.0
GSM546258.CEL	0.0	0.0	0.0	0.0	1.1166226	2.0368571	0.0	0.0	5.456483	0.0
GSM546259.CEL	0.0	0.0	0.0	0.20180348	0.33627662	1.8788406	0.0	0.0	4.4746103	0.0
GSM546260.CEL	0.0	0.0	0.0	0.7017845	0.52097595	2.9554284	0.0	0.0	5.237836	0.0
GSM546261.CEL	0.0	0.0	0.0	0.53880084	0.11520141	2.2076564	0.0	0.0	4.1263013	0.0
GSM546262.CEL	0.0	0.0	0.0	0.0	1.06752	3.1291685	0.0	0.0	4.031323	0.0
GSM546263.CEL	0.0	0.34531265	0.0	0.0	0.0	2.4878073	0.0	0.0	3.059234	0.0
GSM546264.CEL	0.0	0.0	0.0	0.0	0.30306542	3.0303552	0.0	0.0	3.3573337	0.0
GSM546265.CEL	0.0	0.0	0.0	0.0	0.4666254	3.288478	0.0	0.0	4.1788507	0.0
GSM546266.CEL	0.0	0.0	0.0	0.0	0.7241381	2.8018486	0.24018547	0.0	3.4021034	0.0
GSM546267.CEL	0.0	0.0	0.0	0.0	0.0	2.4383385	0.0	0.0	4.123447	0.0
GSM546268.CEL	0.0	0.0	0.0	1.8332686	0.0	0.6667345	0.0	0.0	3.998324	0.106826425
GSM546269.CEL	0.0	0.0	0.0	2.509747	0.0	1.373539	0.0	0.0	5.7518334	1.1600999
GSM546270.CEL	0.0	0.0	0.0	2.4847293	0.5801473	0.2304736	0.0	0.0	2.756819	0.0
GSM546271.CEL	0.0	0.0	0.0	1.3456296	0.35359555	0.1821109	0.0	0.0	4.27223	0.52551436
GSM546272.CEL	0.0	0.0	0.0	1.5864105	0.32875067	1.7858536	0.0	0.0	4.7008324	0.0
GSM546273.CEL	0.0	0.0	0.0	1.9798508	0.0	1.819351	0.0	0.0	5.0243883	0.0
GSM546274.CEL	0.0	0.0	0.0	0.0	0.20414498	2.9652448	0.0	0.0	5.0930285	0.0
GSM546275.CEL	0.0	0.0	0.0	0.0	0.0	2.5197763	0.0	0.0	4.09358	0.0
GSM546276.CEL	0.0	0.4788569	0.0	0.0	0.28158396	2.919928	0.0	0.0	3.5679924	0.0
GSM546277.CEL	0.0	0.047838986	0.0	0.0	0.0	3.0040119	0.0	0.0	3.781081	0.0
GSM546278.CEL	0.0	0.0	0.0	1.7606897	0.0	0.9347756	0.0	0.0	6.726197	0.0
GSM546279.CEL	0.0	0.0	0.0	1.8857985	0.0	1.2103399	0.0	0.0	6.252271	0.0
GSM546280.CEL	0.0	0.0	0.0	3.530787	1.5009706	0.0	0.0	0.0	3.3761733	3.4919813
GSM546281.CEL	0.0	0.0	0.0	4.0575905	0.659518	0.9354228	0.0	0.0	5.360522	1.796327
GSM551147.CEL	2.6934514	0.0	5.1985273	0.0	0.0	0.23151433	0.0	0.0	0.0	0.0
GSM551148.CEL	1.9124284	0.0	2.5291376	0.0	0.16482806	0.05706063	0.0	0.0	0.0	0.0
GSM551149.CEL	1.4014705	0.0	5.12413	0.0	0.0	0.33193114	0.0	0.0	0.0	0.0
GSM551150.CEL	4.186597	0.0	3.775773	0.59544057	0.0	0.13192847	0.0	0.0	0.0	0.0
GSM551151.CEL	3.0228443	0.0	2.6815257	0.0	0.0	0.037131757	0.0	0.0	0.0	0.0
GSM551152.CEL	4.0321484	0.0	3.6116273	0.9697054	0.0	0.086786896	0.0	0.0	0.0	0.0
GSM560754.CEL	1.8914353	0.0	3.2208526	0.0	0.0	0.0	0.9034834	0.0	0.0	1.3059771
GSM560755.CEL	0.098585665	0.50539374	1.1060656	1.691941	0.7207023	0.015548617	0.0	0.0	0.0	1.9629551
GSM560756.CEL	2.8486056	0.016673207	1.2523575	0.0	0.0	0.0	0.0	0.0	0.0	0.9598978
GSM560757.CEL	3.1501064	0.0	4.0469594	0.0150924325	0.0	0.0	0.5836489	0.0	0.0	0.33295617
GSM560758.CEL	3.420169	0.0	2.9604921	0.0	0.0	0.0	0.45984387	0.0	0.0	0.56489915
GSM560759.CEL	3.2560754	0.0	3.4825928	0.13323513	0.0	0.0	0.36596385	0.0	0.0	0.20791054
GSM562109_PAK_GI_colonization_2_6-9-04.CEL	0.0	1.2807295	0.2937164	1.721633	0.0	1.7748877	0.0	0.0	0.0	2.0955563
GSM562110_PAK_GI_colonization_4_6-9-04.CEL	0.13871229	0.71642536	0.15758674	2.2127564	0.0	1.3969636	0.0	0.0	0.0	1.4432684
GSM562111_PAK_GI_colonization_5-12-04.CEL	0.0	1.0416515	0.27540255	1.504982	0.0	1.8603448	0.0	0.0	0.0	2.1208608
GSM562112_Koh_PAK_H2O_1.CEL	0.35228312	2.159208	5.6384535	0.0	0.0	1.5532758	1.0947227	1.6003618	0.0	0.0
GSM562113_Koh_PAK_H2O_2.CEL	0.0	2.4072497	4.2219896	0.0	0.0	2.3563745	0.0	0.44367284	0.0	0.0
GSM562114_Koh_PAK_H2O_3.CEL	0.0	2.4237583	4.3489347	0.0	0.0	2.5658216	0.0	0.6055887	0.0	0.0
GSM567541.CEL	0.0	0.0	0.0	0.6293632	3.542635	0.6558949	1.0855024	0.0	4.387371	4.2817287
GSM567542.CEL	0.0	0.52201146	2.2248995	0.0	4.106298	0.4762341	3.9584258	0.0	0.56068903	0.6525879
GSM567543.CEL	0.0	0.0	0.0	0.52231437	3.367517	0.6805593	1.0266103	0.0	4.4386754	4.3663917
GSM567544.CEL	0.0	0.55236536	2.2112498	0.0	4.3013086	0.5269806	4.1298566	0.0	0.64064145	0.682086
GSM567666.CEL	0.83592254	0.41235384	1.2385468	0.0	0.0	0.010940909	0.5058006	4.3636417	0.0	0.0
GSM567667.CEL	0.12328789	0.48702934	1.1231418	0.0	0.0	0.05436772	0.951795	4.8356595	0.0	0.0
GSM567668.CEL	1.9555128	0.0	0.0	0.0	0.0	0.28645384	0.0	4.547131	0.0	0.0
GSM567669.CEL	1.8179264	0.0	0.0	0.0	0.0	0.38571554	0.0	4.4304004	0.0	0.0
GSM567670.CEL	1.7500006	0.10255569	0.0	0.0	0.0	0.0975084	0.0	4.6666985	0.15751764	0.0
GSM567671.CEL	1.9408342	0.18493024	0.0	0.0	0.0	0.013317794	0.0	4.4587727	0.22941257	0.0
GSM567672.CEL	3.975025	0.0	0.0	0.0	0.0	0.43611652	0.0	6.2542844	0.0	0.0
GSM567673.CEL	3.3877354	0.0	0.0	0.0	0.0	0.44476265	0.0	5.86945	0.0	0.0
GSM567674.CEL	0.0	0.76217496	0.0	0.0	0.0	0.29854995	0.0	5.904856	0.0	0.0
GSM567675.CEL	0.0	0.84567344	0.012167223	0.0	0.0	0.3527428	0.0	6.0094023	0.0	0.0
GSM567676.CEL	0.0	0.0	2.2412765	0.0	0.0	0.12479925	2.3840156	5.6214247	0.0	0.0
GSM567677.CEL	0.062725976	0.0	2.200121	0.0	0.0	0.13245869	2.1741714	5.5394387	0.0	0.0
GSM567678.CEL	2.8726113	0.0	0.0	0.0	0.0	0.17617425	0.0	4.947448	0.0	0.0
GSM567679.CEL	3.0453994	0.0	0.0	0.0	0.0	0.18568444	0.0	5.045888	0.0	0.0
GSM567680.CEL	0.072041154	0.43078136	0.0	1.1103919	0.0	0.0	0.0	4.282163	0.57825375	0.0
GSM567681.CEL	0.0	0.8436312	0.0	1.536202	0.0	0.0	0.0	3.957931	1.110457	0.0
GSM567682.CEL	0.0	0.0	0.0	0.0	0.0	0.0	0.10123244	5.4488616	0.0	0.0
GSM567683.CEL	0.0	0.0	0.0	0.0	0.0	0.0	0.03226337	5.635541	0.0	0.0
GSM567684.CEL	0.0	0.86366045	1.4303753	0.0	0.0	0.073954105	0.0	5.9796214	0.0	0.0
GSM567685.CEL	0.0	0.86592263	1.4485171	0.0	0.0	0.11292985	0.006857604	5.99765	0.0	0.0
GSM567686.CEL	0.0	1.5145228	2.5190814	0.0	0.0	0.3921036	2.07216	5.936645	0.0	0.0
GSM567687.CEL	0.0	1.348587	2.3668242	0.0	0.0	0.42588323	1.8437864	5.942338	0.0	0.0
GSM567688.CEL	0.0	0.0	0.0	0.0	0.0	0.28241777	0.0	5.1006055	0.0	0.0
GSM567689.CEL	0.0	0.0	0.0	0.0	0.0	0.31690383	0.0	5.1514406	0.0	0.0
GSM567690.CEL	0.0	1.7472627	0.0	1.4919252	0.0	0.13720915	0.0	5.393281	0.9412161	0.0
GSM567691.CEL	0.0	1.7107732	0.0	1.5272578	0.0	0.09160575	0.0	5.4289374	0.82756746	0.0
GSM567692.CEL	4.5408545	0.0	0.0	0.0	0.0	0.34620333	0.0	5.695381	0.0	0.0
GSM567693.CEL	5.0786543	0.0	0.0	0.0	0.0	0.40863812	0.0	6.165947	0.0	0.0
GSM567694.CEL	0.0	1.259854	0.03709898	0.0	0.0	0.15645197	0.0	5.7939615	0.0	0.0
GSM567695.CEL	0.0	1.4531128	0.19834696	0.0	0.0	0.22580966	0.0	5.74893	0.0	0.0
GSM573322.CEL	0.0	1.1652107	4.252113	0.002388537	5.9554377	0.90564764	0.0	0.0	0.21692784	0.0062219203
GSM573323.CEL	0.0	0.69710565	3.9587972	0.0	6.088223	0.73644125	0.0	0.0	0.0	0.0
GSM573324.CEL	0.0	0.57726806	2.962228	0.0	6.191189	0.8209875	0.0	0.0	0.320791	0.15703389
GSM573325.CEL	0.0	0.70405453	3.1015387	0.07291967	5.8373957	0.73399174	0.0	0.0	0.13600829	0.0
GSM573326.CEL	0.0	0.5833507	2.756433	0.13637662	6.373037	0.94433737	0.0	0.0	0.41375613	0.21977697
GSM573327.CEL	0.0	0.97861326	4.421978	0.15229237	6.152762	0.9345033	0.0	0.0	0.23167568	0.10525429
GSM591496.CEL	0.0	0.0	0.0	0.0	0.0	0.0	3.5319352	0.0	3.7036657	3.5617387
GSM591601.CEL	0.0	0.0	0.0	0.0	0.0	0.04050842	3.1217546	0.0	3.1305707	2.8071678
GSM591602.CEL	0.0	0.0	0.0	0.0	0.0	0.0067340136	3.6109223	0.0	3.3333871	1.9697882
GSM591603.CEL	0.1292008	0.0	0.276963	0.0	0.0	0.012901783	5.0828753	0.0	0.18572955	0.55445755
GSM591622.CEL	0.16678217	0.0	0.37524492	0.0	0.0	0.02124402	4.694545	0.0	0.0	0.51302934
GSM591623.CEL	0.0	0.075841814	0.0	0.0	0.0	0.0	4.807457	0.0	0.45309192	0.9565877
GSM591624.CEL	0.730821	0.0	1.7286646	0.0	0.0	0.17428568	4.255635	0.0	0.0	0.0
GSM591625.CEL	0.3063692	0.0	1.8549199	0.0	0.0	0.06479329	4.3614607	0.0	0.0	0.0
GSM591627.CEL	1.12627	0.0	2.6840355	0.0	0.0	0.17597517	4.1391363	0.0	0.0	0.0
GSM596626.CEL	1.0902361	1.6357996	0.0	0.0	0.0	1.7805705	0.19749163	0.0	1.8515545	0.0
GSM596819.CEL	0.28066266	2.2869363	0.112097666	0.0	0.046275437	1.8098831	1.1703141	0.0	2.8055327	0.0
GSM597216.CEL	0.653777	0.0	1.9205899	0.0	0.0	0.38600764	3.0611556	0.0	0.0	0.0
GSM597217.CEL	1.175802	0.0	2.42697	0.0	0.0	0.12572345	1.841461	0.0	0.0	0.0
GSM597218.CEL	1.7101799	0.0	2.5326943	0.0	0.0	0.08274928	2.0930452	0.0	0.0	0.0
GSM597219.CEL	0.0	0.0	0.0	0.0	0.0	0.03644827	3.1335492	0.0	2.923532	3.667396
GSM597220.CEL	0.0	0.0	0.0	0.0	0.0	0.05671701	2.5924861	0.0	2.6328838	3.0240467
GSM597221.CEL	0.0	0.0	0.0	0.0	0.0	0.6061175	1.6505994	0.0	5.085831	2.8599267
GSM597329.CEL	0.0	0.0	0.22192866	0.0	0.0	0.034187704	4.3468714	0.0	0.34156543	1.3789666
GSM597330.CEL	0.0	0.8790649	0.006794803	0.0	0.0	0.0	5.241085	0.0	1.3604059	2.0998695
GSM597331.CEL	0.0	0.0	0.0	0.0	0.0	0.16316381	5.4386053	0.0	1.4712647	0.3376962
GSM610406.CEL	0.0	0.0	0.20092523	0.0	3.3370905	0.2058711	3.1693285	0.0	0.0	0.999712
GSM610407.CEL	0.0	0.014289796	0.46724036	0.0	3.3321383	0.16315508	3.3295648	0.0	0.0	0.39887917
GSM617286.CEL	0.0	0.85010976	0.5849514	0.0	0.0	2.0985918	0.19837971	0.0	0.0	1.4291265
GSM617287.CEL	0.0	0.052126676	0.038536653	0.0	0.0	2.9172165	1.085391	0.0	0.0	1.1391053
GSM617288.CEL	0.0	0.6368225	0.24487776	0.11164549	0.0	3.1037354	0.2216371	0.0	0.0	1.5908889
GSM617289.CEL	0.10099081	1.0322232	0.0	0.0	0.0	1.3616011	0.5239166	0.0	0.0	1.9863533
GSM617290.CEL	0.0	1.1677337	0.442065	0.0	0.0	1.5699853	0.9404021	0.0	0.0	1.7251861
GSM617291.CEL	0.0	1.951025	0.09966705	0.06529844	0.0	1.4032323	0.40421912	0.0	0.0	1.7561116
GSM617292.CEL	0.0	0.60787696	2.1229627	0.054056942	0.0	3.0275571	0.8638836	0.0	0.0	0.944123
GSM617293.CEL	0.40312645	0.0	0.6125642	0.0	0.0	3.1043527	1.5700262	0.0	0.0	0.9122523
GSM617294.CEL	1.5217624	0.0	0.11696632	0.0	0.0	2.7773442	1.1021335	0.0	0.0	0.2213607
GSM617295.CEL	0.0	0.93107873	1.6215842	0.0	0.0	1.3349217	2.973061	0.0	0.0	1.2361029
GSM617296.CEL	0.0	1.4273903	2.023822	0.0	0.0	1.163398	3.34478	0.0	0.0	2.1399732
GSM617297.CEL	0.0	1.7882719	2.7979095	0.0	0.0	0.5772068	3.7457538	0.09565332	0.0	1.6084344
GSM617298.CEL	7.450942	0.0	0.0	0.0	0.0	1.1394535	0.0	0.0	0.0	0.0
GSM617299.CEL	7.4122	0.0	0.0	0.0	0.0	1.1065913	0.0	0.0	0.0	0.0
GSM617300.CEL	7.272581	0.0	0.0	0.0	0.0	1.1786822	0.0	0.0	0.0	0.0
GSM617301.CEL	7.262145	0.0	0.0	0.0	0.0	1.2040105	0.0	0.0	0.0	0.0
GSM625973.CEL	6.913003	0.0	0.0	0.0	0.0	1.065086	0.0	0.0	0.0	0.0
GSM625974.CEL	7.113226	0.0	0.0	0.0	0.0	1.105158	0.0	0.0	0.0	0.0
GSM625975.CEL	6.918215	0.0	0.0	0.0	0.0	0.9335383	0.0	0.0	0.0	0.0
GSM625976.CEL	6.797287	0.0	0.0	0.0	0.0	0.9742812	0.0	0.0	0.0	0.0
GSM625977.CEL	7.093107	0.0	0.0	0.0	0.0	1.0430509	0.0	0.0	0.0	0.0
GSM625978.CEL	6.585764	0.0	0.0	0.0	0.0	0.61255205	0.0	0.0	0.0	0.0
GSM625979.CEL	6.563772	0.0	0.0	0.0	0.0	0.6076622	0.0	0.0	0.0	0.0
GSM625980.CEL	6.564807	0.0	0.0	0.0	0.0	0.67241263	0.0	0.0	0.0	0.0
GSM625981.CEL	6.6393366	0.0	0.11854836	0.0	0.0	0.7775291	0.0	0.0	0.0	0.0
GSM625982.CEL	5.5592356	0.0	0.0	0.0	0.0	1.8636124	0.0	0.0	0.0	0.0
GSM629176.CEL	0.0	0.0	0.0	2.7113085	0.18104643	0.0	0.0	0.0	1.4308671	4.495994
GSM629177.CEL	0.0	0.0	0.0	3.7315326	0.19762427	0.27210623	0.0	0.0	1.6016376	3.169297
GSM629178.CEL	0.0	0.0	0.0	3.2625172	0.44340217	0.20002016	0.0	0.0	2.0335631	4.4392376
GSM629179.CEL	0.0	0.0	0.0	2.9811554	0.17704314	0.19837052	0.0	0.0	0.787536	3.2865696
GSM637573.CEL	0.83592254	0.41235384	1.2385468	0.0	0.0	0.010940909	0.5058006	4.3636417	0.0	0.0
GSM637574.CEL	0.12328789	0.48702934	1.1231418	0.0	0.0	0.05436772	0.951795	4.8356595	0.0	0.0
GSM637575.CEL	0.0	0.0	2.2412765	0.0	0.0	0.12479925	2.3840156	5.6214247	0.0	0.0
GSM637576.CEL	0.062725976	0.0	2.200121	0.0	0.0	0.13245869	2.1741714	5.5394387	0.0	0.0
GSM637577.CEL	0.0	1.5145228	2.5190814	0.0	0.0	0.3921036	2.07216	5.936645	0.0	0.0
GSM637578.CEL	0.0	1.348587	2.3668242	0.0	0.0	0.42588323	1.8437864	5.942338	0.0	0.0
GSM637579.CEL	0.0	0.08836141	1.7065101	0.0	0.0	1.2423306	1.4483308	5.382514	0.0	0.0
GSM637580.CEL	0.13458376	0.0	1.7205868	0.0	0.0	1.0870291	1.1737517	5.53921	0.0	0.0
GSM637581.CEL	0.0	0.0	1.0680697	0.0	0.0	0.96413493	1.832297	4.807687	0.0	0.0
GSM637582.CEL	0.0352621	0.0	1.2364268	0.0	0.0	0.93621564	1.4007102	4.7466416	0.0	0.0
GSM637583.CEL	1.9555128	0.0	0.0	0.0	0.0	0.28645384	0.0	4.547131	0.0	0.0
GSM637584.CEL	1.8179264	0.0	0.0	0.0	0.0	0.38571554	0.0	4.4304004	0.0	0.0
GSM637585.CEL	2.8726113	0.0	0.0	0.0	0.0	0.17617425	0.0	4.947448	0.0	0.0
GSM637586.CEL	3.0453994	0.0	0.0	0.0	0.0	0.18568444	0.0	5.045888	0.0	0.0
GSM637587.CEL	0.0	0.0	0.0	0.0	0.0	0.28241777	0.0	5.1006055	0.0	0.0
GSM637588.CEL	0.0	0.0	0.0	0.0	0.0	0.31690383	0.0	5.1514406	0.0	0.0
GSM637589.CEL	0.0	0.0	0.0	1.3696122	0.0	3.8359401	0.0	5.5086913	0.0	0.0
GSM637590.CEL	0.0	0.0	0.0	1.3831792	0.0	3.8828154	0.0	5.4792905	0.0	0.0
GSM637591.CEL	0.0	0.0	0.0	1.4984038	0.0	3.7372842	0.0	4.752982	0.57181454	0.0
GSM637592.CEL	0.0	0.0	0.0	1.3593065	0.0	3.8059425	0.0	4.57081	0.8695085	0.0
GSM637593.CEL	3.3877354	0.0	0.0	0.0	0.0	0.44476265	0.0	5.86945	0.0	0.0
GSM637594.CEL	3.975025	0.0	0.0	0.0	0.0	0.43611652	0.0	6.2542844	0.0	0.0
GSM637595.CEL	0.0	0.0	0.0	0.0	0.0	0.0	0.10123244	5.4488616	0.0	0.0
GSM637596.CEL	0.0	0.0	0.0	0.0	0.0	0.0	0.03226337	5.635541	0.0	0.0
GSM637597.CEL	5.0786543	0.0	0.0	0.0	0.0	0.40863812	0.0	6.165947	0.0	0.0
GSM637598.CEL	4.5408545	0.0	0.0	0.0	0.0	0.34620333	0.0	5.695381	0.0	0.0
GSM641845.CEL	0.0	0.0	0.0	4.2691326	0.7571586	0.0	0.0	0.0	3.6510885	1.0900972
GSM641846.CEL	0.0	0.0	0.0	4.688408	0.5863404	0.33724707	0.0	0.0	4.0641413	0.8793062
GSM641847.CEL	0.0	0.0	0.0	4.1772976	0.51167953	0.7194166	0.0	0.0	3.688168	0.86645246
GSM641848.CEL	0.0	0.0	0.0	4.2983775	0.54799587	0.67933494	0.0	0.0	3.9757524	0.9541659
GSM641849.CEL	0.0	0.0	0.0	4.530285	1.0418038	0.34832752	0.0	0.0	4.857702	1.5981089
GSM663161_03_mix_1wP_Pae_5-10-07_S2.CEL	0.0	0.0	0.0	3.255703	0.2799646	0.0	0.0	0.0	2.664166	2.8754694
GSM663162_Pae-Mix-1_5-22-07_S2.CEL	0.0	0.0	0.0	1.8092127	0.0	0.0	0.0	0.0	0.17659065	4.9302316
GSM663163_04_Pae_5-10-07_S2.CEL	0.0	0.0	0.0	3.196319	0.27019408	0.0	0.0	0.0	2.8907328	5.029044
GSM663164_Pae_5-22-07_S2.CEL	0.0	0.0	0.34562165	2.0651474	0.0637421	0.0	0.0	0.0	0.17249514	4.2825975
GSM663168_BM-Mix-Pa_1_6-6-08_s1.CEL	0.013244458	0.0	0.38822418	0.0	3.2739327	0.04867068	0.0	0.0	0.105608195	1.9017291
GSM663169_BM-Mix-Pa_2_6-6-08_s1.CEL	0.18728212	0.0	0.41281822	0.0	2.9223475	0.09601325	0.0	0.0	0.0	1.5412493
GSM663170_Pa_label_cDNA_5-13-08_s2.CEL	0.0	0.4181488	0.0	0.7583451	2.9533243	0.0	0.0	0.0	1.4780099	2.116955
GSM685447.CEL	0.0	0.0	0.2606033	0.0	0.11938143	0.0	0.0	4.279151	0.0	0.0
GSM685448.CEL	0.0	0.0	0.19969417	0.0	0.22901237	0.0	0.21912105	4.3337345	0.0	0.0
GSM685449.CEL	0.0	0.0	0.0	0.0	0.36161384	0.0	1.4312607	4.023792	0.0	0.0
GSM685450.CEL	0.0	0.0	0.0	0.0	0.7223169	0.0	1.6286764	3.9409885	0.0	0.0
GSM698080.CEL	0.52710736	0.0	2.0848012	2.3141859	0.32020757	0.0	0.0	0.0	0.0	1.833248
GSM698081.CEL	0.04144465	0.0	1.4520118	1.8731983	1.0319386	0.0	0.24322572	0.0	0.15790558	2.9114826
GSM711446.CEL	0.0	3.6221268	5.0736194	0.0	3.5642514	0.0	0.0	0.0	0.0	5.393224
GSM711447.CEL	0.0	3.6620755	5.159483	0.0	3.4262214	0.0	0.0	0.0	0.0	5.3541427
GSM711448.CEL	0.0	3.171892	4.3820877	0.5287204	4.3924184	0.01565218	0.0	0.0	0.0	5.088938
GSM711449.CEL	0.0	3.2489645	4.5979867	0.3940939	3.8349724	0.08001453	0.0	0.0	0.0	4.826547
GSM711450.CEL	0.0	3.8892667	4.52242	0.455589	3.3976693	0.0	0.0	0.0	0.0	5.5454655
GSM711451.CEL	0.0	3.9233856	4.7141566	0.36914992	3.0965662	0.0	0.0	0.0	0.0	5.157264
GSM711452.CEL	0.0	3.9776068	5.101386	0.19069135	3.5205371	0.13748577	0.0	0.0	0.0	5.5383396
GSM711453.CEL	0.0	2.5504708	3.0875585	1.752939	2.8960078	0.6698249	0.0	0.0	0.0	5.5379486
GSM711454.CEL	0.0	2.4844763	3.4055455	1.3979332	3.056132	0.42054582	0.0	0.0	0.0	5.3249083
GSM711455.CEL	0.0	2.733253	3.5969899	1.5138886	2.8856556	0.42948776	0.0	0.0	0.0	5.2246385
GSM717419.CEL	0.0	0.7777334	0.7789681	0.0	4.7335367	0.0	0.82108486	0.0	0.30223864	1.3192605
GSM717420.CEL	0.33312118	0.24102838	0.6950485	0.0	2.536178	0.0	0.14736114	0.0	0.0	0.5189117
GSM717421.CEL	0.1991714	0.23872705	0.46174538	0.0	2.9685714	0.0	0.28041154	0.0	0.0	0.57453495
GSM717422.CEL	3.7755678	0.0	3.7955348	1.5728644	0.0	0.117998004	0.0	1.0114193	0.0	0.0
GSM717423.CEL	3.8267877	0.0	2.419911	0.0	0.0	0.0	0.0	0.0	0.0	0.0
GSM717424.CEL	5.0023727	0.0	2.5345454	0.61963564	0.0	0.12699541	0.0	1.9220932	0.0	0.0
GSM735748_PA14_WT.CEL	0.07397185	1.5367007	0.21003097	0.0	0.0	0.0	4.8611803	0.0	0.7904178	0.0
GSM735749_PA14_WT_adenosine.CEL	0.0	1.8312902	0.7265783	0.0	0.0	0.0	5.398326	0.0	0.98649466	0.0
GSM738261.CEL	0.0	3.6917827	5.237401	0.0	2.6759243	0.0	2.5986106	0.0	0.0	0.0
GSM738262.CEL	0.0	3.6644778	5.290551	0.0	2.670947	0.036542833	2.761071	0.0	0.0	0.0
GSM738263.CEL	0.0	3.62189	5.2150426	0.0	2.4410598	0.02678904	2.5824614	0.0	0.0	0.0
GSM738264.CEL	0.0	3.4342532	4.9252963	0.08564097	3.0120094	0.0	2.8293707	0.0	0.0	0.0
GSM738265.CEL	0.0	3.3086693	4.9495125	0.16424057	3.1797895	0.0	2.5004647	0.0	0.0	0.0
GSM738266.CEL	0.0	3.6762981	4.847612	0.09950343	3.2955768	0.0	2.9416714	0.0	0.0	0.0
GSM740019.CEL	0.0	1.639184	0.0	0.0	0.0	0.0	5.104023	0.0	1.9133778	0.0
GSM740020.CEL	0.0	1.9390373	0.0	0.0	0.09456128	0.0	5.394478	0.0	2.4598114	0.0
GSM741203.CEL	0.0	4.1448507	6.7785463	0.0051797032	3.7787533	0.2126662	2.085883	1.9469652	0.0	0.0
GSM741204.CEL	0.0	4.1530137	7.0412073	0.0	3.7211995	0.24067168	2.2087665	2.089972	0.0	0.0
GSM741205.CEL	0.0	4.125628	7.339033	0.0	3.184234	0.27754253	2.2791777	2.433848	0.0	0.0
GSM741206.CEL	0.0	4.469655	7.3100815	0.0	3.6071572	0.241204	2.4045098	2.5538516	0.0	0.0
GSM741207.CEL	0.0	4.5427523	6.63913	0.073165596	3.6956563	0.18651336	2.2704148	2.262044	0.0	0.0
GSM741208.CEL	0.0	4.201672	7.1396646	0.0	3.4831765	0.23835336	2.4622853	2.328835	0.0	0.0
GSM741209.CEL	0.0	4.315778	8.709643	0.0	1.9484229	0.39682752	2.1263714	3.0729723	0.0	0.0
GSM741210.CEL	0.0	4.1840158	8.687248	0.0	1.766743	0.37905532	2.0697646	3.1823378	0.0	0.0
GSM741211.CEL	0.0	4.0313497	8.397289	0.0	1.553235	0.32531893	1.8388666	2.9031591	0.0	0.0
GSM741212.CEL	0.0	3.7044632	8.238497	0.0	1.2787576	0.3792225	1.8107483	2.6810942	0.0	0.0
GSM741213.CEL	0.0	3.881281	8.75242	0.0	1.380128	0.39084935	2.031623	2.9436054	0.0	0.0
GSM741214.CEL	0.0	3.9308708	8.77871	0.0	1.5356412	0.43847778	2.0033069	2.9288158	0.0	0.0
GSM743001_PAO1-PC4-a.CEL	2.5562198	0.0	1.4927967	5.357322	0.0	0.0	0.0	0.9982453	0.0	0.0
GSM743002_PAO1-PC4-b.CEL	3.135659	0.0	1.7917607	5.485708	0.0	0.0017147064	0.0	1.1965836	0.0	0.0
GSM743003_PAO1-PC4-c.CEL	2.5092733	0.0	1.0360093	5.710458	0.0	0.12295377	0.0	1.5600321	0.0	0.0
GSM743004_PAO1-PC24-a.CEL	2.8762548	0.0	1.1470068	5.388771	0.023629487	0.13221917	0.0	1.8726603	0.0	0.0
GSM743005_PAO1-PC24-b.CEL	2.7662165	0.0	1.3321137	5.430506	0.02263546	0.0034546852	0.0	2.0829968	0.0	0.0
GSM743006_PAO1-PC24-c.CEL	2.691701	0.0	1.2211838	5.375931	0.08567017	0.0149899125	0.0	1.9595083	0.0	0.0
GSM743007_PAO1-SC24-a.CEL	3.6936603	0.0	2.4233625	4.7692676	0.0	0.22720304	0.0	2.2432709	0.0	0.0
GSM743008_PAO1-SC24-b.CEL	5.6235867	0.0	3.0419211	4.0331683	0.0	0.22656262	0.0	2.6007867	0.0	0.0
GSM743009_PAO1-SC24-c.CEL	3.2345998	0.0	2.5149615	4.4132223	0.01584816	0.27841038	0.0	2.1797118	0.0	0.0
GSM767700.CEL	0.0	3.8721018	5.345029	0.0	3.60138	0.5784754	1.7844734	0.18534389	0.0	0.0
GSM767701.CEL	0.0	3.5508492	5.288943	0.0	3.4050543	0.7028459	1.5117537	0.08188777	0.0	0.0
GSM767702.CEL	0.0	3.9907835	5.592267	0.0	3.2135088	0.667768	1.3093773	0.34216917	0.0	0.0
GSM767703.CEL	0.0	5.657687	2.1744728	0.0	5.2674985	0.8617425	3.0363972	0.0	0.0	0.0
GSM767704.CEL	0.0	5.9551067	2.2889822	0.0	5.407504	0.8558361	3.1513991	0.0	0.0	0.0
GSM767705.CEL	0.0	5.485314	1.8152232	0.0	5.1962934	0.9217626	2.8976073	0.0	0.0	0.0
GSM774085_CF30-1979a.CEL	0.5173017	0.0	0.13491839	1.1352582	0.0	4.9700933	0.0	0.0	0.48130664	0.0
GSM774086_CF30-1979b.CEL	0.0	0.0	0.0	0.8443217	0.0	5.8011756	0.0	0.0	2.5002704	0.0
GSM774087_CF30-1979c.CEL	0.0	0.0	0.0	0.4529947	0.08718002	5.7630615	0.0	0.0	2.8584623	0.0
GSM774088_CF43-1973a.CEL	0.0	0.0	0.0	2.6557574	0.034564137	3.7543883	0.0	0.0	3.8343465	0.0
GSM774089_CF43-1973b.CEL	0.0	0.0	0.0	2.7066774	0.05734533	3.6899824	0.0	0.0	3.789706	0.0
GSM774090_CF43-1973c.CEL	0.0	0.0	0.0	2.8595238	0.1725859	3.659665	0.0	0.0	4.189846	0.0
GSM774091_CF66-1973a.CEL	0.0	0.0	0.0	2.4941173	0.3479419	4.8270097	0.0	0.0	3.2354627	0.0
GSM774092_CF66-1973b.CEL	0.0	0.0	0.0	2.01368	0.09350622	4.8684115	0.0	0.0	2.6245737	0.0
GSM774093_CF66-1973c.CEL	0.0	0.0	0.0	2.2668922	0.23147276	4.7953434	0.0	0.0	2.9978101	0.0
GSM774094_CF66-1992a.CEL	0.0	0.0	0.0	0.5292899	0.0	5.431336	0.0	0.0	1.2438767	0.0
GSM774095_CF66-1992b.CEL	0.0	0.0	0.0	0.7081128	0.08669996	5.804185	0.0	0.0	1.9517465	0.0
GSM774096_CF66-1992c.CEL	0.0	0.0	0.0	0.5175688	0.0	5.6927075	0.0	0.0	1.649598	0.0
GSM774097_CF66-2008a.CEL	0.0	0.0	0.0	0.0	0.17266041	5.770275	0.0	0.0	1.9449588	0.0
GSM774098_CF66-2008b.CEL	0.0	0.0	0.0	0.0	0.02156806	5.646999	0.0	0.0	1.9209774	0.0
GSM774099_CF66-2008c.CEL	0.0	0.0	0.0	0.0	0.0	5.146077	0.0	0.0	1.4589988	0.0
GSM774100_CF105-1973a.CEL	0.0	0.0	0.0	3.1737328	0.2047576	3.8156607	0.0	0.0	4.129918	0.0
GSM774101_CF105-1973b.CEL	0.0	0.0	0.0	3.0761688	0.09861386	3.3998806	0.0	0.0	3.619343	0.0
GSM774102_CF105-1973c.CEL	0.0	0.0	0.0	3.047334	0.036628664	3.4192004	0.0	0.0	3.5687728	0.0
GSM774103_CF114-1973a.CEL	0.0	0.0	0.0	3.0224679	0.013595581	2.7043417	0.0	0.0	4.2228503	0.0
GSM774104_CF114-1973b.CEL	0.0	0.0	0.0	3.4721637	0.0	2.6719685	0.0	0.0	4.1753945	0.0
GSM774105_CF114-1973c.CEL	0.0	0.0	0.0	3.0870707	0.0	2.5735996	0.0	0.0	4.651023	0.0
GSM774106_CF173-1984a.CEL	0.0	0.0	0.0	0.3887763	0.019777477	5.613141	0.0	0.0	1.5285043	0.0
GSM774107_CF173-1984b.CEL	0.0	0.0	0.0	0.2696663	0.20762113	5.737874	0.0	0.0	2.1963065	0.0
GSM774108_CF173-1984c.CEL	0.0	0.0	0.0	0.0	0.0	5.3760705	0.0	0.0	1.0424838	0.0
GSM774109_CF173-2002a.CEL	2.1172264	0.0	1.2615588	1.3043802	0.0	4.360064	0.0	0.10676036	0.0	0.0
GSM774110_CF173-2002b.CEL	1.712203	0.0	1.1502626	1.4575326	0.0	4.607974	0.0	0.5334413	0.0	0.0
GSM774111_CF173-2002c.CEL	0.12634963	0.0	0.39134887	0.31927434	0.0	5.27826	0.0	0.0	0.5188766	0.0
GSM774112_CF173-2005a.CEL	0.0	0.0	0.0	0.0	0.62570125	5.741249	0.0	0.0	2.5357733	0.0
GSM774113_CF173-2005b.CEL	0.0	0.0	0.0	0.08121431	0.093514085	5.3820977	0.0	0.0	1.2322538	0.0
GSM774114_CF173-2005c.CEL	0.216912	0.0	0.0	0.0	0.0	4.841355	0.0	0.0	0.7293937	0.0
GSM774115_CF243-2002a.CEL	0.13813081	0.0	0.0	0.0	0.0	4.254711	0.0	0.0	1.3088876	0.0
GSM774116_CF243-2002b.CEL	0.017602086	0.0	0.0	0.0	0.0	4.683955	0.0	0.0	1.5188955	0.0
GSM774117_CF243-2002c.CEL	2.538631	0.0	0.94733566	0.7163314	0.0	4.052099	0.0	0.0	0.0	0.0
GSM774118_CF333-1991a.CEL	0.0	0.0	0.0	0.41683662	0.13075143	6.0117927	0.0	0.0	2.2471218	0.0
GSM774119_CF333-1991b.CEL	0.0	0.0	0.0	0.6824703	0.30780393	6.015666	0.0	0.0	2.7584097	0.0
GSM774120_CF333-1991c.CEL	0.0	0.0	0.0	0.77738583	0.10853124	6.014223	0.0	0.0	1.6725601	0.0
GSM774121_CF333-1997a.CEL	0.0	0.0	0.0	0.3781957	0.15637362	5.95321	0.0	0.0	2.3420513	0.0
GSM774122_CF333-1997b.CEL	0.0	0.0	0.0	0.69773495	0.16413265	6.1894035	0.0	0.0	2.3176937	0.0
GSM774123_CF333-1997c.CEL	0.0	0.0	0.0	1.0467459	0.048977494	5.8891034	0.0	0.0	1.4013295	0.0
GSM774124_CF333-2003a.CEL	0.0	0.0	0.0	0.426803	0.20345819	6.3515997	0.0	0.0	2.3475459	0.0
GSM774125_CF333-2003b.CEL	0.0	0.0	0.0	0.014779627	0.21162069	6.325371	0.0	0.0	2.1838555	0.0
GSM774126_CF333-2003c.CEL	0.0	0.0	0.0	0.0	0.2498742	6.394067	0.0	0.0	1.4136196	0.0
GSM774127_CF333-2005a.CEL	0.14360517	0.0	0.0	0.0	0.042417705	5.3438544	0.0	0.0	0.69657	0.0
GSM774128_CF333-2005b.CEL	0.0	0.0	0.0	0.15324837	0.07795876	5.7677994	0.0	0.0	1.2250077	0.0
GSM774129_CF333-2005c.CEL	0.0	0.0	0.22072099	0.0	0.3557611	5.769865	0.0	0.0	0.62265974	0.0
GSM774130_CF333-2007a.CEL	0.0	0.0	0.0	0.0	0.39344788	5.9828463	0.0	0.0	2.042342	0.0
GSM774131_CF333-2007b.CEL	0.0	0.0	0.0	0.0	0.10872877	5.9261885	0.0	0.0	1.1399584	0.0
GSM774132_CF333-2007c.CEL	0.48851356	0.0	0.0	0.0	0.0	5.3310347	0.0	0.0	0.0	0.0
GSM774133_B6-0_1.CEL	0.0	0.0	0.0	4.4287753	0.427973	2.375913	0.0	0.0	4.3581266	0.46683887
GSM774134_B6-0_2.CEL	0.0	0.0	0.09255569	4.655826	0.28769976	2.2022965	0.0	0.0	1.9327685	0.0
GSM774135_B6-0_3.CEL	0.0	0.0	0.0	4.3784413	0.50853956	2.3924875	0.0	0.0	4.216478	0.44568288
GSM774136_B6-4_1.CEL	0.0	0.0	0.0	4.4900365	0.28625458	2.3276982	0.0	0.0	3.0942667	0.0
GSM774137_B6-4_2.CEL	0.0	0.0	0.0	4.313195	0.18190089	2.1359055	0.0	0.0	2.5782478	0.0
GSM774138_B6-4_3.CEL	0.0	0.0	0.0	4.544533	0.41745126	2.1558251	0.0	0.0	4.0680947	0.44870156
GSM774139_B12-0_1.CEL	0.0	0.0	0.0	3.5864308	0.0	2.9083815	0.0	0.0	3.4078128	0.0
GSM774140_B12-0_2.CEL	0.0	0.0	0.0	3.5337968	0.0	2.8122318	0.0	0.0	3.3770244	0.0
GSM774141_B12-0_3.CEL	0.0	0.0	0.0	3.3998058	0.0	2.8658094	0.0	0.0	3.2225077	0.0
GSM774142_B12-4_1.CEL	0.0	0.0	0.0	3.5956511	0.0	3.0507157	0.0	0.0	3.7344704	0.0
GSM774143_B12-4_2.CEL	0.0	0.0	0.0	3.5589418	0.0	2.9614835	0.0	0.0	3.7914567	0.0
GSM774144_B12-4_3.CEL	0.0	0.0	0.0	3.6389644	0.018910885	2.9712222	0.0	0.0	3.7459176	0.0
GSM774145_B12-7_1.CEL	0.0	0.0	0.0	3.678936	0.07443565	2.9155786	0.0	0.0	2.1646674	0.0
GSM774146_B12-7_2.CEL	0.0	0.0	0.0	3.8832266	0.14389879	3.0488625	0.0	0.0	2.130986	0.0
GSM774147_B12-7_3.CEL	0.0	0.0	0.0	3.709873	0.0	3.1503465	0.0	0.0	2.9596763	0.0
GSM774148_B38-1_1.CEL	0.0	0.0	0.0	3.0853817	0.0	1.8236083	0.0	0.0	4.57558	0.0
GSM774149_B38-1_2.CEL	0.0	0.0	0.0	3.2817962	0.014487386	1.7356788	0.0	0.0	4.6067677	0.0
GSM774150_B38-1_3.CEL	0.0	0.0	0.0	3.3149025	0.022055864	1.8341603	0.0	0.0	4.628568	0.0
GSM774151_B38-2M_1.CEL	0.0	0.07609427	0.0	0.0	0.0	3.0780191	0.6462586	0.0	4.2897124	0.0
GSM774152_B38-2M_2.CEL	0.0	0.027423799	0.0	0.0	0.0	2.9738913	0.60842466	0.0	3.863512	0.0
GSM774153_B38-2M_3.CEL	0.0	0.08910009	0.0	0.0	0.0	3.0257976	0.62563324	0.0	3.9734588	0.0
GSM774154_B38-2NM_1.CEL	0.0	0.0	0.0	2.5091288	0.0	1.8781778	0.0	0.0	4.6178064	0.0
GSM774155_B38-2NM_2.CEL	0.0	0.0	0.0	2.3827128	0.04990357	2.0485678	0.0	0.0	4.589362	0.0
GSM774156_B38-2NM_3.CEL	0.0	0.0	0.0	2.246302	0.07253075	1.9444239	0.0	0.0	4.8253007	0.0
GSM774157_B38-6M_1.CEL	0.0	0.031011045	0.0	0.0	0.0	3.0858667	0.49884886	0.0	3.800039	0.0
GSM774158_B38-6M_2.CEL	0.0	0.0012899339	0.0	0.0	0.0	3.107563	0.57796663	0.0	3.5835764	0.0
GSM774159_B38-6M_3.CEL	0.0	0.14935207	0.0	0.0	0.0060139894	2.9349127	0.72252965	0.0	3.7081494	0.0
GSM774160_PAO1a.CEL	0.0	0.0	0.0	5.084714	0.6498184	1.043316	0.0	0.0	3.9459677	0.9494084
GSM774161_PAO1b.CEL	0.0	0.0	0.0	5.261513	0.49483213	1.179419	0.0	0.0	3.280937	0.5943724
GSM774162_PAO1c.CEL	0.0	0.0	0.0	5.2385755	0.43804812	1.2166023	0.0	0.0	3.5837414	0.5619742
GSM794226_A27.CEL	0.0	1.0663126	0.22999823	0.86365134	0.529701	0.49758574	0.7993442	0.0	1.6716487	0.0
GSM794227_A28.CEL	0.0	1.8331602	0.16845168	0.6846497	1.1069796	0.51368964	0.96284825	0.0	2.4080145	0.0
GSM794228_A29.CEL	1.1368413	0.25926927	4.7876415	0.0	0.0	0.34901825	1.2923541	1.7327029	0.0	0.0
GSM794229_A30.CEL	5.536215	0.0	0.0	0.0	0.0	0.33761674	0.0	0.0	0.0	0.0
GSM794230_A31.CEL	6.7776423	0.0	0.0	0.0	0.0	0.43224257	0.0	0.0	0.0	0.0
GSM794231_A32.CEL	5.941819	0.0	0.0	0.0	0.0	0.45656562	0.0	0.0	0.0	0.0
GSM821084_HZI0139_Pae_G1a.CEL	0.0	2.3281505	3.7742064	0.0	2.8990853	0.13369477	3.9800072	0.0	0.0	0.0
GSM821085_HZI0140_Pae_G1a.CEL	0.0	2.6430385	3.957447	0.0	2.776277	0.02390337	3.892246	0.0	0.0	0.0
GSM821086_HZI0141_Pae_G1a.CEL	0.0	2.9951525	3.858299	0.14823687	3.5701952	0.0051475763	3.8550704	0.0	0.0	0.0
GSM821087_HZI0142_Pae_G1a.CEL	0.0	2.6583872	4.876065	0.0	2.1142263	0.15278092	3.1551845	0.41789943	0.0	0.0
GSM821088_HZI0143_Pae_G1a.CEL	0.0	2.9866068	3.4229138	0.0	3.775228	0.0	3.5007706	0.0	0.0	0.0
GSM821089_HZI0144_Pae_G1a.CEL	0.0	3.5426373	3.5693295	0.012078345	3.7389214	0.0	3.595737	0.0	0.0	0.0
GSM821090_HZI0145_Pae_G1a.CEL	1.8102438	0.0	1.3725109	0.003432095	0.80153525	0.12928143	0.0	0.0	0.0	0.0
GSM821091_HZI0146_Pae_G1a.CEL	0.0	0.0	1.6074507	1.9023833	3.2928483	0.021506041	0.3108215	0.0	0.0	0.0
GSM821092_HZI0148_Pae_G1a.CEL	0.0	1.3439783	0.19364332	3.2990818	2.1858864	0.0	0.0	0.0	0.0	0.66422135
GSM821093_HZI0149_Pae_G1a.CEL	2.9205544	0.0	0.0	0.8957265	0.06471473	0.15578783	0.0	0.0	0.0	0.0
GSM821094_HZI0147_Pae_G1a.CEL	0.0	0.0	1.1293669	1.261145	2.6095793	0.041159898	0.0	0.0	0.0	0.0
GSM821095_HZI0150_Pae_G1a.CEL	0.0	0.8679305	0.0	2.471128	1.6519732	0.0	0.0	0.0	0.0	0.36464655
GSM821495.CEL	0.0	0.0	1.444421	0.0	3.1893013	0.16024962	4.243692	0.0	0.0	0.0
GSM821496.CEL	0.09776789	0.0	2.8316739	0.0	2.7552216	0.26696113	4.7346087	0.0	0.0	0.0
GSM821497.CEL	0.008978851	0.0	1.9465206	0.0	3.263091	0.23159759	4.406932	0.0	0.0	0.0
GSM821498.CEL	0.0	0.0	0.2565434	0.032137692	3.2976427	0.19700679	3.2096043	0.0	0.19546577	1.387544
GSM821499.CEL	0.014780156	0.0	2.613024	0.0	2.4361074	0.34821454	4.6929474	0.0	0.0	0.0
GSM821500.CEL	0.0	0.0	2.5416749	0.0	2.806459	0.44260055	5.034726	0.0	0.0	0.0
GSM821501.CEL	0.0	0.0	1.0170833	0.0	3.864184	1.6788942	2.3768218	0.0	0.103648484	0.0
GSM821502.CEL	0.0	0.0	1.5148191	0.0	3.401274	1.2223967	2.7704632	0.0	0.0	0.0
GSM821503.CEL	0.12946665	0.0	1.0377855	0.0	3.2051704	1.3863635	2.0377483	0.0	0.053872332	0.0
GSM821504.CEL	0.0	0.0	0.06656432	0.0	3.2311876	2.275507	2.140948	0.0	0.87790203	0.9729204
GSM821505.CEL	0.0	0.0	0.0	0.0	3.563594	2.2999218	2.137411	0.0	0.82008314	0.91161627
GSM821506.CEL	0.0	0.0	0.0	0.0	3.2646766	2.4420252	1.9003774	0.0	1.107329	1.3548698
GSM822689_wtBSM_A.CEL	0.0	0.0	0.16439562	0.13540536	4.161132	0.0	0.0	0.0	0.0	2.720374
GSM822690_wtBSM_B.CEL	0.0	0.0	0.13774842	0.23057559	4.143045	0.0	0.0	0.0	0.0	2.2301493
GSM822691_delta_crcBSM_A.CEL	0.0	0.0	0.0	0.103409946	3.7944758	0.0	0.0	0.0	0.0	2.5311909
GSM822692_delta_crcBSM_B.CEL	0.0	0.0	0.028019398	0.0	3.4577785	0.0	0.0	0.0	0.0	1.8675163
GSM822693_delta_cbrBBSM_A.CEL	0.0	0.0	0.0	0.0	3.087835	0.0	0.0	0.0	0.0	3.8144798
GSM822694_delta_cbrBBSM_B.CEL	0.0	0.0	0.0	0.2997262	4.0003304	0.0	0.0	0.0	0.0	3.0494773
GSM822695_delta_crcZBSM_A.CEL	0.0	0.0	0.0	0.7352442	2.4296026	0.02102986	0.0	0.0	0.9029113	4.3655205
GSM822696_delta_crcZBSM_B.CEL	0.0	0.0	0.0	0.12773204	2.5077577	0.0	0.0	0.0	0.0	3.2321663
GSM822708_wtLB_A.CEL	0.48039013	0.0	0.0	1.1957037	0.0	0.0	0.0	0.0	0.0	2.37634
GSM822709_wtLB_B.CEL	0.0	0.0	0.0	1.199985	0.3960622	0.0	0.0	0.0	0.21408443	3.3830562
GSM822710_delta_crcLB_A.CEL	0.0	0.0	0.0	3.1626272	0.14010793	0.15574756	0.0	0.0	2.488012	2.835017
GSM822711_delta_crcLB_B.CEL	0.13677363	0.0	0.0	1.6852374	0.25058764	0.0	0.0	0.0	0.54720384	1.8754957
GSM822712_delta_cbrBLB_A.CEL	0.0	0.0	0.0	1.2162712	2.2896435	0.0	0.0	0.0	0.3822759	3.8535428
GSM822713_delta_cbrBLB_B.CEL	0.0	0.0	0.0	1.0157287	1.2084858	0.0	0.0	0.0	0.0	2.698049
GSM822714_delta_crcZLB_A.CEL	0.0	0.0	0.0	1.1589305	0.9448028	0.0	0.0	0.0	0.0	2.6352975
GSM822715_delta_crcZLB_B.CEL	0.0924885	0.0	0.0	0.3771509	1.358713	0.0	0.0	0.0	0.0	2.5161633
GSM823341.CEL	5.2568235	0.12108663	0.0	0.0	0.0	1.1138643	0.0	0.0	0.0	0.0
GSM823342.CEL	5.677617	0.1273002	0.0	0.0	0.0	1.0665145	0.0	0.0	0.0	0.0
GSM823343.CEL	5.3201685	0.0	0.0	0.0	0.0	1.447917	0.0	0.0	0.0	0.0
GSM823344.CEL	0.2149938	2.28658	5.0575366	0.0	0.0	2.6837442	0.0	0.37095654	0.0	0.0
GSM823345.CEL	3.4806316	0.16016272	0.24984628	0.0	0.0	1.6158508	0.0	0.0	0.0	0.0
GSM823346.CEL	2.1331642	0.7760718	2.777408	0.0	0.0	2.1455855	0.0	0.0	0.0	0.0
GSM823347.CEL	2.9555504	1.1390266	0.07602561	0.0	0.0	2.107523	0.0	0.0	0.0	0.0
GSM823348.CEL	5.5452394	0.20723848	0.0	0.0	0.0	1.1385607	0.0	0.0	0.0	0.0
GSM838206_OXYR-LB-1_Pae_G1a.CEL	0.0	0.8487308	2.5914092	0.0	3.111719	0.21094075	2.8282473	0.0	0.0	0.9644104
GSM838207_OXYR-LB-2_Pae_G1a.CEL	0.0	0.8299577	3.090286	0.0	2.6108217	0.19111332	2.517321	0.0	0.0	1.0923038
GSM838208_OXYR-LB-4_Pae_G1a.CEL	0.0	0.96340907	2.8851085	0.0	3.8306158	0.14722073	2.772548	0.0	0.0	1.4679999
GSM838209_OXYR-PM-1_Pae_G1a.CEL	0.0	5.2613053	2.1798823	0.0	4.0405955	0.19786203	0.40203243	0.0	0.0	2.2157536
GSM838210_OXYR-PM-3_Pae_G1a.CEL	0.0	5.760467	2.0918288	0.0	4.4080763	0.24483016	1.1514928	0.0	0.0	1.9186342
GSM838211_OXYR-PM-4_Pae_G1a.CEL	0.0	5.796916	2.1326091	0.0	4.2469363	0.31502038	1.2532244	0.0	0.0	1.6262001
GSM838212_PAO1-LB-1_Pae_G1a.CEL	0.0	0.58058846	2.2621434	0.0	3.281188	0.0	3.626547	0.0	0.0	0.6024996
GSM838213_PAO1-LB-2_Pae_G1a.CEL	0.0	0.7149296	2.2142186	0.0	3.15418	0.0	3.8204997	0.0	0.0	0.6648701
GSM838214_PAO1-LB-3_Pae_G1a.CEL	0.0	0.87517047	2.1418009	0.0	3.6722283	0.0	3.8571482	0.0	0.0	1.0794562
GSM838215_PAO1-PM-1_Pae_G1a.CEL	0.0	5.693446	1.2462027	0.0	4.0270348	0.1273033	1.0754168	0.0	0.0	2.7148893
GSM838216_PAO1-PM-3_Pae_G1a.CEL	0.0	5.5216713	1.7923605	0.0	4.057429	0.25904095	1.3901528	0.0	0.0	2.3391333
GSM838217_PAO1-PM-4_Pae_G1a.CEL	0.0	5.876798	1.7419071	0.0	4.350362	0.18713358	1.4955645	0.0	0.0	2.2419453
GSM838218_PAO1-5344-1_Pae_G1a.CEL	0.0	0.0	2.632166	0.0	3.4786046	0.0	2.9386275	0.0	0.0	1.2149657
GSM838219_PAO1-5344-3_Pae_G1a.CEL	0.0	0.0	2.6111712	0.0	3.144986	0.0	2.7942283	0.0	0.0	1.1154954
GSM838220_PAO1-5344-4_Pae_G1a.CEL	0.0	0.0	2.8694563	0.0	2.950206	0.0	2.6622012	0.0	0.0	1.1273001
GSM842839_Wright_1_WT-log-1_Pae_G1a.CEL	0.04376992	0.0	0.18684168	4.8899803	2.8189538	0.0	0.0	0.0	0.057553336	0.0
GSM842840_Wright_2_WT-log-2_Pae_G1a.CEL	0.28214353	0.0	0.051504076	4.512799	2.2450082	0.0	0.0	0.0	0.0	0.0
GSM842841_Wright_3_WT-log-3_Pae_G1a.CEL	0.0	0.0	0.19965035	4.5096726	3.0047839	0.0	0.0	0.0	0.024139732	0.0
GSM842842_Wright_4_WT-stat-1_Pae_G1a.CEL	0.0	0.20653278	1.6383946	3.0615644	5.879427	0.0	0.0	0.0	0.0	0.0
GSM842843_Wright_5_WT-stat-2_Pae_G1a.CEL	2.0556827	0.0	1.14994	0.9405247	1.8288133	0.0	0.0	0.0	0.0	0.0
GSM842844_Wright_6_WT-stat-3_Pae_G1a.CEL	0.23898353	0.0	1.9231052	2.6355517	4.4911947	0.06074497	0.0	0.0	0.0	0.0
GSM842845_Wright_7_4203-log-1_Pae_G1a.CEL	0.0	0.0	0.1412106	5.17882	4.7486954	0.0	0.0	0.0	2.2836535	0.0
GSM842846_Wright_8_4203-log-2_Pae_G1a.CEL	0.0	0.0	0.07669513	5.012076	4.661897	0.0	0.0	0.0	2.3705542	0.0
GSM842847_Wright_9_4203-log-3_Pae_G1a.CEL	0.0	0.0	0.0	4.5035496	3.7843473	0.0	0.0	0.0	1.3014864	0.0
GSM842848_Wright_10_4203-stat-1_Pae_G1a.CEL	0.07428029	0.58999693	2.6588879	2.30594	5.170976	0.0	0.26726684	0.0	0.0	0.0
GSM842849_Wright_11_4203-stat-2_Pae_G1a.CEL	0.027184293	0.6880183	2.7851555	2.6839542	5.56153	0.0	0.094283015	0.0	0.0	0.0
GSM842850_Wright_12_4203-stat-3_Pae_G1a.CEL	0.0	0.6221446	2.7196784	2.425137	5.320118	0.0	0.5001569	0.0	0.0	0.0
GSM854792.CEL	1.4777057	0.52479684	0.0	0.0	0.0	0.0	0.36244905	1.1501952	0.0	0.0
GSM854793.CEL	6.1908073	0.0	0.0	0.0	0.0	0.19589669	0.0	2.460095	0.0	0.0
GSM854794.CEL	2.7031639	0.69763434	0.0	0.0	0.0	0.0	0.0	1.0001028	0.0	0.0
GSM854795.CEL	5.8243895	0.55356264	0.0	0.0	0.0	0.0054118335	0.0	2.3284593	0.0	0.0
GSM854796.CEL	0.0	0.51397884	0.043560527	0.0	0.0	0.0	0.0	0.7256661	0.0	0.0
GSM854797.CEL	6.83399	0.0	0.0	0.0	0.0	0.22898547	0.0	2.275044	0.0	0.0
GSM854798.CEL	1.1561992	0.80664784	0.59077185	0.0	0.0	0.014073938	0.0	1.3406831	0.0	0.0
GSM854799.CEL	7.144827	0.0	0.11825095	0.0	0.0	0.23653029	0.0	2.7940311	0.0	0.0
GSM854800.CEL	1.3581575	0.35042506	0.515893	0.24820623	0.0	0.12899584	0.05624199	1.9319987	0.0	0.0
GSM854801.CEL	5.5588436	0.0	0.0	0.0	0.0	0.19717094	0.0	2.901873	0.0	0.0
GSM856031_PA01.CEL	1.9991337	0.0	4.550059	1.5168464	0.0	0.0	0.016456723	0.6705261	0.0	0.43172893
GSM856032_PA01+V12.CEL	0.0	1.8434658	4.76986	0.8907328	1.325439	0.56301165	0.7352759	0.11814036	0.0	2.3524315
GSM864516.CEL	0.0	2.359739	2.2101502	2.871613	2.5583289	0.04226908	2.7101145	0.0	0.0	1.1730095
GSM864517.CEL	0.0	2.5010784	2.111638	3.1400378	2.69837	0.0	2.826325	0.0	0.0	0.9936371
GSM864518.CEL	0.0	1.8560867	2.68299	2.5686252	1.659024	0.0	1.8856158	0.0	0.0	0.25773674
GSM864519.CEL	0.07780042	1.5214705	3.5431693	0.5248391	1.223351	0.18450633	1.9030641	0.2852171	0.0	0.628372
GSM864520.CEL	0.0	1.9302063	3.775407	0.8235397	1.811343	0.051745653	2.182661	0.53365624	0.0	1.0033199
GSM864521.CEL	0.0	2.3489532	3.5569391	0.5435666	1.9575744	0.0009788573	2.196231	0.59762335	0.0	1.28262
GSM865129_schurr_5511_Pae_G1a_.CEL	5.1368694	0.0	3.5089185	1.1013457	0.0	0.0047982335	0.0	1.95119	0.0	0.0
GSM865130_schurr_5511_1_Pae_G1a_.CEL	3.9348044	0.0	3.2907043	0.0	0.0	0.029287487	0.0	0.0	0.0	0.0
GSM865131_schurr_5511_3_Pae_G1a_.CEL	4.1003437	0.0	2.5360208	0.0	0.0	0.0	0.0	0.0	0.0	0.0
GSM871963.CEL	1.3950723	0.0	3.8201833	1.3758626	0.0	0.26096177	2.3150315	0.16563019	0.0	0.5774769
GSM871964.CEL	1.4156141	0.0	3.7064593	1.250345	0.0	0.27887943	2.3076735	0.14717354	0.0	0.5900079
GSM871965.CEL	1.8777268	0.0	4.089762	1.7333131	0.0	0.17656496	1.9910631	0.50207055	0.0	0.41052642
GSM871966.CEL	1.3525851	0.0	3.7746055	1.3458834	0.0	0.31517	2.4011202	0.18181093	0.0	0.5421183
GSM871967.CEL	4.6488695	0.0	3.764501	2.684549	0.0	0.12604547	0.0	3.0235233	0.0	0.0
GSM871968.CEL	1.6162341	0.0	3.1128051	4.301375	0.112454236	0.34025598	0.0	0.59548813	0.0	0.0
GSM871969.CEL	1.7729851	0.0	3.1004617	4.101593	0.0035055876	0.31770092	0.0	0.5340593	0.0	0.0
GSM871970.CEL	1.3694509	0.0	2.8902519	4.0866933	0.19382012	0.41806406	0.0	0.611948	0.0	0.0
GSM871971.CEL	4.4207144	0.0	3.1879883	3.807285	0.0	0.07176894	0.0	2.1359315	0.0	0.0
GSM871972.CEL	4.28885	0.0	3.4198825	4.048936	0.0	0.1765129	0.0	1.6890353	0.0	0.0
GSM871973.CEL	4.578187	0.0	3.472092	3.972659	0.0	0.13076103	0.0	1.8785591	0.0	0.0
GSM871974.CEL	4.800297	0.0	3.5230443	3.7949061	0.0	0.22371218	0.0	2.1245952	0.0	0.0
GSM871975.CEL	3.9607332	0.0	3.0821137	4.3235703	0.0	0.0	0.0	1.7792673	0.0	0.0
GSM871976.CEL	4.215931	0.0	3.6069407	4.6154547	0.0	0.101542294	0.0	1.5534617	0.0	0.0
GSM871977.CEL	4.694111	0.0	3.532207	4.3202486	0.0	0.12265572	0.0	2.031868	0.0	0.0
GSM871978.CEL	4.067185	0.0	3.2542264	4.51331	0.0	0.16187787	0.0	1.5330342	0.0	0.0
GSM897995_MHH0094_Pae_G1a.CEL	0.0	2.1952693	4.520078	0.0	0.0	0.069571555	0.4221087	0.0	0.0	2.7987192
GSM897996_MHH0095_Pae_G1a.CEL	0.0	2.2825685	4.6820045	0.0	0.0	0.0624201	0.39241594	0.0	0.0	2.610142
GSM897997_MHH0106_Pae_G1a.CEL	0.0	4.2170157	3.4157026	0.0	0.0	0.048050433	0.49042222	0.0	0.0	4.6640363
GSM897998_MHH0107_Pae_G1a.CEL	0.0	4.1916776	2.4984112	0.0	0.037317395	0.0	0.4065505	0.0	0.0	4.951016
GSM897999_MHH0110_Pae_G1a.CEL	0.0	3.3947341	1.2357688	0.24723211	0.19082946	0.24929912	0.0	0.0	1.079795	4.9106426
GSM898000_MHH0111_Pae_G1a.CEL	0.0	3.8649855	2.0136673	0.0	0.060822487	0.0684444	0.22603786	0.0	0.13606805	5.0454755
GSM898001_MHH0122_Pae_G1a.CEL	0.0	0.8460634	1.3679848	0.0	0.2635738	0.14944172	4.898381	0.0	0.0	1.1000892
GSM898002_MHH0123_Pae_G1a.CEL	0.0	0.78899145	1.6527176	0.0	0.2306582	0.20300454	5.1562653	0.0	0.0	0.9841101
GSM900177_F1_Pae_G1a_.CEL	3.1616213	0.0	6.064924	1.4164848	0.0	0.29832724	0.0	1.6182395	0.0	0.0
GSM900178_C1_Pae_G1a_.CEL	3.2359362	0.0	5.781943	1.5115232	0.0	0.2708249	0.0	1.6991237	0.0	0.0
GSM900179_F2_Pae_G1a_.CEL	2.3568776	0.0	5.8912997	1.2541084	0.0	0.5396465	0.0	1.3416433	0.0	0.0
GSM900180_C2_Pae_G1a_.CEL	3.2343338	0.0	5.46722	1.6852572	0.0	0.39134717	0.0	1.8401977	0.0	0.0
GSM900181_F3_Pae_G1a_.CEL	1.6653585	0.0	4.9504857	2.2756703	0.0	0.4669315	0.0	1.1829844	0.0	0.0
GSM900182_C3_Pae_G1a_.CEL	1.629542	0.0	5.0763392	2.7648652	0.0	0.44617093	0.0	1.1226537	0.0	0.0
GSM92164.CEL	0.0	0.023417205	0.62817156	0.0	3.8110952	0.0	4.1192684	0.0	0.0	0.0
GSM92165.CEL	0.0	0.0	0.30495232	0.0	3.0164142	0.0	4.0071044	0.0	0.0	1.33214
GSM92166.CEL	0.0	0.0	0.0	0.0	3.424459	0.0	4.135071	0.0	0.08466327	3.9371424
GSM92167.CEL	0.0	0.0	0.0	0.4214694	2.3221118	0.0	2.5424554	0.0	0.3844698	5.7624507
GSM92168.CEL	0.0	0.0	0.0	2.6498284	0.64848065	0.0	0.0	0.0	2.2982078	5.5457315
GSM92169.CEL	0.0	0.0	0.808752	0.0	3.2149801	0.0	4.162322	0.0	0.0	0.0
GSM92170.CEL	0.0	0.0	0.0	0.0	3.336297	0.0	4.7014093	0.0	0.0	2.2724476
GSM92171.CEL	0.0	0.0	0.059411816	0.0	2.4610012	0.0	4.2845745	0.0	0.0	3.255453
GSM92172.CEL	0.0	0.0	0.0	0.2669709	2.216012	0.0	2.8219197	0.0	0.5261666	6.0833178
GSM92173.CEL	0.0	0.0	0.0	2.5062616	0.2698863	0.0	0.0	0.0	2.3318424	5.8450394
GSM92174.CEL	0.0	0.045245558	1.073999	0.0	3.5717125	0.0	3.659657	0.0	0.0	0.0
GSM92175.CEL	0.0	0.21783353	0.49143645	0.0	3.5806732	0.0	3.5252018	0.0	0.0	0.2779408
GSM92176.CEL	0.0	0.019571453	1.0968155	0.0	3.4152539	0.0	3.7045262	0.0	0.0	0.0
GSM92177.CEL	0.0	0.0	1.0782948	0.0	3.094717	0.006686598	4.2462687	0.0	0.0	0.0
GSM92178.CEL	0.0	0.98271483	0.8770689	0.0	4.078896	0.0	3.4435194	0.0	0.0	2.9978523
GSM92179.CEL	0.0	1.0233092	0.6102903	0.0	3.5825984	0.0	3.5799916	0.0	0.0	3.3035026
GSM92180.CEL	0.0	0.057059437	0.023140416	0.0	4.16734	0.0	3.8012812	0.0	0.0	2.104269
GSM92181.CEL	0.0	0.0	0.0	0.0	3.5785067	0.0	4.1096926	0.0	0.0	2.3276353
GSM92182.CEL	0.0	0.57302797	0.41283956	0.0	4.0305185	0.0	3.4170854	0.0	0.0	3.7085361
GSM92183.CEL	0.0	0.8735242	0.6482389	0.0	3.9024544	0.0	3.384897	0.0	0.0	4.1703854
GSM92184.CEL	0.0	0.0	1.0270851	0.0	2.9276128	0.0	4.8584976	0.0	0.0	2.0879116
GSM92185.CEL	0.0	0.0	1.6390471	0.0	3.1441126	0.0	5.3223705	0.0	0.0	2.7012534
GSM92186.CEL	0.0	0.0	0.87392783	0.0	2.1581244	0.0	2.0729432	0.0	0.0	5.339528
GSM92188.CEL	0.0	0.0	0.0	0.0	2.5726867	0.0	2.8040786	0.0	0.82167315	5.1331425
GSM92189.CEL	0.0	0.0	0.0	0.0	2.121825	0.0	2.2454517	0.0	0.083274335	5.2492847
GSM92190.CEL	0.0	0.0	0.0	1.9440513	0.8391093	0.0	0.10910319	0.0	1.5951996	5.896685
GSM92191.CEL	0.0	0.019215018	0.0	2.0287366	0.38719964	0.0	0.0	0.0	1.5869616	5.8801703
GSM92192.CEL	0.0	0.0	0.0	2.4595282	0.32954648	0.0	0.0	0.0	2.164793	5.2055526
GSM92193.CEL	0.0	0.0	0.0	2.4123626	0.5825763	0.0	0.0	0.0	2.0832016	5.3458686
GSM954576_Nomura_PA01-1_Pae_G1a_.CEL	1.4607139	0.0	3.4749904	0.453403	1.2684705	0.6202884	3.3125057	0.7440455	0.0	0.0
GSM954577_Nomura_PA01-2_Pae_G1a_.CEL	0.11792307	1.2703493	3.077485	0.0	2.715839	0.6903088	3.882604	0.036583215	0.0	0.0
GSM954578_Nomura_PA01-3_Pae_G1a_.CEL	0.0	1.6507416	3.1286664	0.0	3.474594	0.6894132	4.134565	0.012688115	0.0	0.0
GSM954579_Nomura_PA01-4_Pae_G1a_.CEL	0.07177733	1.3745542	3.1692646	0.0	2.958435	0.67482793	3.9644141	0.037688516	0.0	0.0
GSM954580_Nomura_PA2449-1_Pae_G1a_.CEL	0.93492186	0.87106013	2.1917403	0.5192111	2.2608542	1.9096802	1.6757717	0.2768995	0.0	0.0
GSM954581_Nomura_PA2449-2_Pae_G1a_.CEL	0.0	2.5353646	1.9705498	0.0	3.9896429	2.3725204	1.9808993	0.0	0.0	0.0
GSM954582_Nomura_PA2449-3_Pae_G1a_.CEL	0.0	2.5859578	1.6131198	0.0	4.281474	2.3294106	2.2433705	0.0	0.0	0.0
GSM954583_Nomura_PA2449-4_Pae_G1a_.CEL	0.13777111	1.9799788	1.8244846	0.0	2.9868462	2.2326825	1.9188234	0.0	0.0	0.0
GSM994496_PAO1-replicate-01.CEL	0.0	0.0	0.0	0.0	2.266402	0.009415925	4.62879	5.0437164	0.0	0.0
GSM994497_PAO1-replicate-02.CEL	0.0	0.0	0.0	0.0	2.4604223	0.0	4.5861645	5.0034423	0.0	0.0
GSM994498_PAO1-replicate-03.CEL	0.0	0.0	0.0	0.0	2.1802676	0.00323236	4.467042	5.086969	0.0	0.0
GSM994499_HM4-replicate-01.CEL	0.0	0.0	0.0	0.0	0.0	2.716553	0.38301083	4.463584	0.0	0.0
GSM994500_HM4-replicate-02.CEL	0.0	0.0	0.0	0.0	0.0	2.644253	0.43330318	4.575177	0.0	0.0
GSM994501_HM4-replicate-03.CEL	0.0	0.0	0.0	0.0	0.0	2.4268205	0.3130969	4.7188387	0.0	0.0
H_1.CEL	6.6764174	3.566764	0.0	0.0	0.0	0.08529195	0.0	1.3315911	0.0	0.0
H_3.CEL	6.5872	3.790125	0.0	0.0	0.0	0.08521676	0.0	1.1414396	0.0	0.0
H_5.CEL	6.9471083	2.9554424	0.0	0.0	0.0	0.15047348	0.0	1.5813296	0.0	0.0
HH-PA14_7-6-09_7-8-09_s1.CEL	0.0	0.0	0.0	1.8857985	0.0	1.2103399	0.0	0.0	6.252271	0.0
JS-1B4.9.07.CEL	6.550661	0.0	0.5829414	0.71800303	0.0	0.29361367	0.0	3.439351	0.0	0.0
JS-A164.9.07.CEL	6.4682198	0.0	0.0	0.46038172	0.0	0.2501089	0.0	2.0233066	0.0	0.0
JS-A84.9.07.CEL	7.1343784	0.0	0.0	0.0	0.0	0.36952895	0.0	2.6845822	0.0	0.0
JS-G164.9.07.CEL	7.4701633	0.0	0.0	0.0	0.0	0.32424507	0.0	2.618874	0.0	0.0
JS-G84.18.07.CEL	7.169981	0.0	0.0	0.0	0.0	0.28446895	0.0	3.4813337	0.0	0.0
JS-T24.9.07.CEL	7.4741535	0.0	0.0	0.0	0.0	0.28645223	0.0	2.080522	0.0	0.0
KP_PA14_5-28_5-30-08_s2.CEL	0.0	0.0	0.0	1.9312639	0.27598885	0.43895745	0.0	0.0	4.408684	0.0
L_12.CEL	6.706151	3.3472893	0.0	0.0	0.0	0.047326267	0.0	2.2112145	0.0	0.0
L_13.CEL	6.890252	2.9952996	0.0	0.0	0.0	0.036067814	0.0	2.1610956	0.0	0.0
L_14.CEL	6.6840754	3.333965	0.0	0.0	0.0	0.14869893	0.0	1.3612065	0.0	0.0
MBU_JGOLD_pakA1.CEL	0.03439057	0.0	6.9571257	0.0	0.0	0.0	1.2499393	1.7786642	0.0	0.0
MBU_JGOLD_pakA2.CEL	0.0	0.071933	7.2435718	0.0	0.0	0.0	1.3503425	1.8323472	0.0	0.0
MBU_JGOLD_PAO11.CEL	0.0	0.7273799	8.015566	0.0	0.40329203	0.22411071	0.7552245	1.9745247	0.0	0.0
MBU_JGOLD_PAO12.CEL	0.03910222	0.16365965	7.487736	0.0	0.0	0.16452873	0.76308453	2.0171742	0.0	0.0
MBU_PAER_pak1.CEL	0.0	0.0	2.1407328	1.4880223	4.05843	0.0	0.17230661	0.0	0.0	0.0
MBU_PAER_pak2.CEL	0.0	0.0	3.4310167	1.2431715	3.803776	0.0	0.3615306	0.0	0.0	0.0
MBU_PAER_PT51.CEL	1.7400055	0.0	4.1014485	2.6173491	0.9761636	0.0	0.0	0.6020782	0.0	0.0
MBU_PAER_PT52.CEL	0.5989822	0.0	4.048563	1.6481366	1.4739786	0.0	0.0	0.0	0.0	0.0
MSC_01.CEL	0.0	0.0	0.0	5.2980566	0.23364851	0.2506939	0.0	0.0	3.939726	1.718892
MSC_02.CEL	0.0	0.0	0.0	5.4181128	0.017039299	0.0	0.0	0.0	3.1097863	1.836048
MSC_03.CEL	0.0	0.0	0.0	4.683318	0.0	0.8998946	0.0	0.0	3.2945268	1.4813683
MSC_04.CEL	0.0	0.0	0.0	5.121397	0.035713255	0.0	0.0	0.0	2.9705212	2.386163
MSC_05.CEL	0.0	0.0	0.0	4.6743984	0.56912345	0.22948122	0.0	0.0	3.5889013	1.6265942
MSC_06.CEL	0.0	0.0	0.0	4.124952	0.08001685	0.0	0.0	0.0	1.8668509	3.3493395
MSC_07.CEL	0.0	0.0	0.0	4.432603	0.0	0.44875452	0.0	0.0	2.6672568	2.5125139
MSC_08.CEL	0.0	0.0	0.0	4.026818	0.020466864	0.0	0.0	0.0	1.4290247	4.2279906
MSC_09.CEL	0.0	0.0	0.0	4.0016704	0.0888139	0.0	0.0	0.0	2.0760431	2.052729
MSC_10.CEL	0.0	0.0049414635	0.0	3.3752036	0.46278024	0.0	0.0	0.0	1.3739631	4.569739
Nag_cDNA_1-30-09_S2.CEL	0.0	3.7129085	0.9237123	0.0	0.9373563	0.0	3.8894684	0.0	1.5826479	0.0
Nag_cDNA_2-26-09_s1.CEL	0.0	2.9514637	0.27720457	0.0	1.0176854	0.08063254	3.1265604	0.0	2.482128	0.0
Overhage11001_Pae_G1a.CEL	0.0	0.135465	0.0	0.0	4.946181	3.0849123	1.6855805	0.0	0.6312991	0.30663168
Overhage11002_Pae_G1a.CEL	0.0	0.0	0.0	0.0	5.108629	2.6281111	2.536847	0.0	0.64343834	1.0839852
Overhage5001_Pae_G1a.CEL	0.0	0.08358228	0.0	0.0	5.1415906	2.6356175	1.6399128	0.0	0.36036497	0.36436272
Overhage5002_Pae_G1a.CEL	0.0	0.0	0.0	0.0	4.8501034	2.1332588	2.2346592	0.0	0.6619364	1.2340146
PA14_3-23-07_s2.CEL	0.0	0.0	0.0	2.4348505	0.20020768	1.0104644	0.0	0.0	4.7471414	0.0
PA14-Aro_10-5-07_s2.CEL	0.0	0.0	0.0	2.2865949	0.0	0.81282175	0.0	0.0	5.4029756	0.0
PA14_cDNA_labeled_4-09-08_S2.CEL	0.0	0.0	0.0	1.7606897	0.0	0.9347756	0.0	0.0	6.726197	0.0
Pae_Fe02_13.CEL	4.2609663	0.11550027	0.0	0.0	0.0	0.12382913	0.0	5.6127343	0.0	0.0
Pae_Fe02_14.CEL	4.069461	0.0	0.0	0.0	0.0	0.2106685	0.0	5.566078	0.0	0.0
Pae_Fe02_15.CEL	3.9234438	0.0	0.030671827	0.0	0.0	0.19295362	0.0	5.45125	0.0	0.0
Pae_Fe03_16.CEL	3.9746978	0.0	0.0	0.0	0.0	0.010139793	0.0	5.29005	0.0	0.0
Pae_Fe03_17.CEL	3.924346	0.0	0.0	0.0	0.0	0.0	0.0	5.164728	0.0	0.0
Pae_Fe03_18.CEL	3.8872316	0.0	0.0	0.0	0.0	0.13443837	0.0	4.689705	0.0	0.0
Pae_noFe_10.CEL	3.500446	0.0	0.0	0.0	0.0	0.114723265	0.0	5.090523	0.0	0.0
Pae_noFe_11.CEL	3.8649485	0.0	0.0	0.0	0.0	0.018592626	0.0	5.597305	0.0	0.0
Pae_noFe_12.CEL	4.0704756	0.0	0.0	0.0	0.0	0.086312056	0.0	5.8035493	0.0	0.0
Tob1_aerobic_wdh_Pae_G1a.CEL	0.0	5.9949102	0.0	1.5819308	0.0	0.0	0.0	1.9751143	0.0	0.0
Tob1_anaerobic_Pae_G1a.CEL	0.0	5.4684887	0.0	3.9311101	0.0	0.0	0.0	1.1678962	0.0	0.0
Tob2_aerobic_wdh_Pae_G1a.CEL	0.0	5.6775475	0.03410495	1.4224806	0.0	0.0	0.0	1.7623869	0.0	0.0
Tob2_anaerobic_Pae_G1a.CEL	0.0	5.9003096	0.0	4.022013	0.0	0.0	0.0	0.95764583	0.0	0.0
Tob3aerobic_Pae_G1a.CEL	0.0	5.958044	0.0	1.5280774	0.0	0.0	0.0	1.5128667	0.0	0.08951694
Tob3_anaerobic_Pae_G1a.CEL	0.0	5.633723	0.0	3.7864938	0.0	0.0	0.0	1.1133004	0.0	0.0
TUBS0088.CEL	1.1669396	0.0	3.142627	0.0	0.02574879	0.045461595	3.5616155	0.0	0.0	0.0
TUBS0089.CEL	0.979523	0.0	3.3111312	0.0	0.12163955	0.048008293	3.7544441	0.0	0.0	0.0
TUBS0090.CEL	0.9093305	0.0	2.5659435	0.0	0.0	0.08016622	3.2035618	0.0	0.0	0.04227066
TUBS0091.CEL	2.239315	0.0	3.5198462	0.0	0.0	0.0	2.510212	0.0	0.0	0.0
TUBS0092.CEL	2.8346019	0.0	3.510056	0.0	0.0	0.0	2.059114	0.0	0.0	0.0
TUBS0093.CEL	2.2518601	0.0	3.3895273	0.0	0.0	0.0	2.3850389	0.0	0.0	0.0
TUBS0094.CEL	3.5407524	0.0	3.5750515	0.0	0.0	0.029729128	1.6491412	0.0	0.0	0.0
TUBS0095.CEL	3.0326185	0.0	3.0794442	0.0	0.0	0.0	1.9586034	0.0	0.0	0.0
TUBS0096.CEL	3.3295083	0.0	2.7186155	0.0	0.0	0.0	1.7738868	0.0	0.0	0.0
Van_Delden_Kohler_0311_BAL6_1.CEL	0.0	0.0	2.4913094	0.0	1.7565634	0.0	3.7184424	0.0	0.0	2.3674722
Van_Delden_Kohler_0311_BAL6+_1.CEL	0.008858465	0.0	2.3500361	0.0	1.3052136	0.09419677	3.4772162	0.0	0.0	2.4382944
Van_Delden_Kohler_0311_BAL6_2.CEL	0.0	0.0	2.55633	0.0	1.9047384	0.0	3.8306243	0.0	0.0	2.6362877
Van_Delden_Kohler_0311_BAL6+_2.CEL	0.0	0.0	2.34579	0.0	1.2990727	0.08322716	3.4125543	0.0	0.0	2.527269
Van_Delden_Kohler_0311_BAL6_3.CEL	0.07867217	0.0	3.5337377	0.0	0.73405045	0.004708767	3.9180002	0.0	0.0	1.9476198
Van_Delden_Kohler_0311_BAL6+_3.CEL	0.08209996	0.0	2.9108198	0.0	0.9816159	0.06035012	3.4323893	0.0	0.0	2.3601096
Van_Delden_Kohler_0311_PT5_1.CEL	0.04516934	0.0	1.9617488	0.0	1.9180393	0.036218584	3.0192294	0.0	0.0	2.1381269
Van_Delden_Kohler_0311_PT5_2.CEL	0.0	0.0	1.5318658	0.0	2.6240835	0.0	2.9393733	0.0	0.0	2.4986303
Van_Delden_Kohler_0311_PT5_3.CEL	0.0	0.0	1.5566213	0.0	2.848071	0.0	2.5695846	0.0	0.0	3.6083064
WT12935-18-05.CEL	0.0	0.0	0.0	2.9877827	0.0	0.5987985	0.0	0.0	1.1226814	3.5668998
WT12935-4-05.CEL	0.0	0.0	0.0	3.003754	0.0	0.5427686	0.0	0.0	0.5540346	3.9937432
